/*--------------------------------*- C++ -*----------------------------------*\
| =========                 |                                                 |
| \\      /  F ield         | OpenFOAM: The Open Source CFD Toolbox           |
|  \\    /   O peration     | Version:  2406                                  |
|   \\  /    A nd           | Website:  www.openfoam.com                      |
|    \\/     M anipulation  |                                                 |
\*---------------------------------------------------------------------------*/
FoamFile
{
    version     2.0;
    format      ascii;
    arch        "LSB;label=32;scalar=64";
    class       volScalarField;
    location    "0.01";
    object      Cz;
}
// * * * * * * * * * * * * * * * * * * * * * * * * * * * * * * * * * * * * * //

dimensions      [0 1 0 0 0 0 0];

internalField   nonuniform List<scalar> 
12225
(
-3.76731e-20
0
0
0
0
0
0
1.74586e-20
-2.68543e-20
0
-4.87042e-20
0
1.02417e-20
0
0
0
0
0
1.33106e-20
0
-2.87552e-20
0
-1.62881e-20
0
0
0
0
-2.86934e-20
2.98249e-20
-3.10034e-20
0
0
0
-2.46545e-20
1.2056e-20
0
-2.58683e-20
0
2.87552e-20
0
3.10704e-20
-1.69033e-20
-1.75441e-20
-1.82115e-20
-4.65139e-20
0
0
-4.08359e-20
0
0
0
6.08832e-20
0
0
0
0
0
0
0
0
0
0
0
0
-3.92645e-20
3.10034e-20
0
0
0
0
0
0
0
0
-2.87552e-20
0
0
4.9204e-20
1.75441e-20
3.49172e-20
-3.63076e-20
0
-3.92645e-20
0
-3.2231e-20
0
0
0
0
-6.58002e-20
-3.84261e-20
0
4.23798e-20
2.98892e-20
3.10704e-20
0
1.75441e-20
0
0
0
0
3.10034e-20
0
0
0
-2.46545e-20
0
0
0
0
0
0
0
0
0
0
0
0
-3.92645e-20
3.10034e-20
0
0
0
0
0
0
-5.17367e-20
0
0
-2.98892e-20
-7.39113e-21
2.4602e-20
4.16014e-20
-3.49172e-20
-1.89067e-20
2.86934e-20
-2.03852e-20
-2.11709e-20
-1.02417e-20
-4.41775e-20
0
0
0
0
0
0
0
0
0
0
0
0
0
0
-3.92645e-20
3.10034e-20
0
0
0
0
0
0
0
0
0
0
0
0
0
0
0
0
-3.92645e-20
3.10034e-20
0
0
0
0
0
0
-2.58683e-20
0
0
0
0
1.69033e-20
0
0
0
0
-1.09455e-20
-2.11709e-20
-1.02417e-20
0
0
0
0
0
0
0
0
0
0
0
0
0
0
0
-3.92645e-20
3.10034e-20
0
0
0
0
0
0
0
0
0
0
0
1.69033e-20
0
0
1.89067e-20
0
-9.43967e-21
3.10034e-20
-2.19892e-20
0
0
0
0
0
-2.58683e-20
0
0
0
-1.62881e-20
7.69872e-21
0
0
0
0
0
0
1.02417e-20
-2.28417e-20
0
0
0
1.40635e-20
0
0
0
2.98892e-20
0
-1.69033e-20
0
0
-1.89067e-20
0
-2.98249e-20
3.10034e-20
-2.19892e-20
0
0
0
0
0
0
0
0
2.98892e-20
0
0
0
0
8.70045e-21
-1.96309e-20
9.43967e-21
0
-3.2231e-20
-2.28417e-20
5.85711e-20
0
0
0
-2.58683e-20
0
0
0
-1.62881e-20
7.69872e-21
0
0
0
0
0
0
1.02417e-20
-2.28417e-20
0
0
0
1.40635e-20
0
0
0
2.98892e-20
0
-1.69033e-20
0
0
-1.89067e-20
0
-2.98249e-20
3.10034e-20
-2.19892e-20
0
0
0
0
0
0
0
0
0
0
-1.69033e-20
0
0
-1.89067e-20
0
-2.98249e-20
0
0
3.35096e-20
-2.37296e-20
0
0
0
2.58683e-20
0
0
0
0
0
0
0
0
3.77559e-20
0
0
-2.19892e-20
0
0
0
0
0
0
0
0
0
0
1.53974e-20
0
0
-1.89067e-20
0
0
3.10034e-20
-2.19892e-20
1.06679e-20
0
0
0
0
0
0
0
0
0
-1.69033e-20
0
0
-1.89067e-20
0
-2.98249e-20
0
0
3.35096e-20
-2.37296e-20
0
0
0
0
0
0
-2.98892e-20
0
0
0
0
0
-9.06253e-21
2.98249e-20
9.83252e-21
-2.19892e-20
-2.28417e-20
0
0
2.56178e-20
0
0
0
0
0
0
0
0
0
0
0
0
2.11709e-20
0
-1.21738e-20
0
0
0
0
0
0
0
0
0
-1.69033e-20
0
0
-1.89067e-20
0
-2.98249e-20
0
0
3.35096e-20
-2.37296e-20
0
0
0
0
0
0
-2.98892e-20
0
0
0
0
0
-9.06253e-21
2.98249e-20
9.83252e-21
-2.19892e-20
-2.28417e-20
0
0
2.56178e-20
0
0
0
0
0
0
-1.69033e-20
0
0
-1.89067e-20
0
-2.98249e-20
0
0
3.35096e-20
-2.37296e-20
0
0
0
0
0
0
0
0
-3.23007e-20
0
0
0
0
0
3.10034e-20
-3.2231e-20
-1.21738e-20
0
0
0
0
0
0
0
-2.98892e-20
0
0
0
0
0
-9.06253e-21
2.98249e-20
9.83252e-21
-2.19892e-20
-2.28417e-20
0
0
2.56178e-20
0
0
0
0
0
0
1.53974e-20
0
0
-1.89067e-20
0
0
3.10034e-20
-2.19892e-20
1.06679e-20
0
0
0
0
-3.12626e-20
0
0
0
0
0
0
0
0
0
0
0
0
0
0
0
0
0
0
0
0
0
0
0
0
0
0
0
0
1.63842e-20
0
1.63842e-20
0
1.63842e-20
0
1.63842e-20
0
0
0
0
-2.41998e-20
0
0
0
0
1.63842e-20
0
1.63842e-20
0
1.63842e-20
0
1.63842e-20
0
1.63842e-20
0
0
1.63842e-20
0
1.63842e-20
0
1.63842e-20
0
1.63842e-20
1.63842e-20
0
0
0
1.63842e-20
0
-3.20155e-20
0
1.63842e-20
1.63842e-20
0
1.63842e-20
0
1.63842e-20
0
1.63842e-20
0
1.63842e-20
0
0
1.63842e-20
0
-3.20155e-20
0
0
0
1.63842e-20
1.63842e-20
0
1.63842e-20
0
1.63842e-20
0
1.63842e-20
0
1.63842e-20
1.63842e-20
0
1.63842e-20
0
1.63842e-20
0
1.63842e-20
0
1.63842e-20
1.63842e-20
0
1.63842e-20
0
1.63842e-20
0
1.63842e-20
0
1.63842e-20
1.63842e-20
0
1.63842e-20
0
1.63842e-20
0
1.63842e-20
0
1.63842e-20
1.63842e-20
0
1.63842e-20
0
1.63842e-20
-2.41998e-20
1.63842e-20
0
1.63842e-20
1.63842e-20
0
1.63842e-20
0
1.63842e-20
0
1.63842e-20
0
1.63842e-20
1.63842e-20
0
4.83997e-20
0
1.63842e-20
0
1.63842e-20
0
1.63842e-20
1.63842e-20
0
1.63842e-20
-2.41998e-20
4.83997e-20
3.20155e-20
4.83997e-20
3.20155e-20
4.83997e-20
0
-2.41998e-20
1.63842e-20
0
1.63842e-20
0
1.63842e-20
0
1.63842e-20
1.63842e-20
2.41998e-20
0
0
0
-3.20155e-20
0
-2.41998e-20
1.63842e-20
0
0
0
0
0
0
0
0
-1.71371e-20
-7.81564e-21
0
-3.27684e-20
0
-7.81564e-21
0
-3.27684e-20
0
-3.27684e-20
-7.81564e-21
0
-7.81564e-21
0
-7.81564e-21
0
-7.81564e-21
0
-7.81564e-21
-3.27684e-20
0
0
0
0
0
0
0
0
-3.27684e-20
0
0
0
-3.27684e-20
0
-3.27684e-20
0
-3.27684e-20
0
0
0
0
0
0
0
0
0
0
0
0
0
0
0
0
0
0
0
0
0
0
0
0
0
0
0
0
0
0
0
0
0
0
0
0
0
0
0
0
0
0
0
-3.27684e-20
0
0
0
0
0
0
0
0
-3.27684e-20
0
0
0
0
0
0
-3.27684e-20
0
0
0
0
0
0
0
0
0
0
1.71371e-20
0
0
0
0
0
0
0
0
0
0
0
0
0
0
0
1.71371e-20
0
0
0
0
0
0
0
0
0
0
0
0
0
0
0
1.71371e-20
0
0
0
0
0
0
0
0
1.71371e-20
0
0
0
0
0
0
1.71371e-20
0
0
0
0
0
0
0
0
0
0
0
0
0
0
1.71371e-20
0
0
0
0
0
0
0
0
0
-1.71371e-20
-7.81564e-21
0
-3.27684e-20
0
-7.81564e-21
0
-3.27684e-20
0
-3.27684e-20
-7.81564e-21
0
-7.81564e-21
0
-7.81564e-21
0
-7.81564e-21
0
-7.81564e-21
-3.27684e-20
0
0
0
0
0
0
0
0
-3.27684e-20
0
0
0
-3.27684e-20
0
-3.27684e-20
0
-3.27684e-20
0
0
0
0
0
0
0
0
0
0
0
0
0
0
0
0
0
0
0
0
0
0
0
0
0
0
0
0
0
0
0
0
0
0
0
0
0
0
0
0
0
0
0
-3.27684e-20
0
0
0
0
0
0
0
0
-3.27684e-20
0
0
0
0
0
0
-3.27684e-20
0
0
0
0
0
0
0
0
0
0
1.71371e-20
0
0
0
0
0
0
0
0
0
0
0
0
0
0
0
1.71371e-20
0
0
0
0
0
0
0
0
0
0
0
0
0
0
0
1.71371e-20
0
0
0
0
0
0
0
0
1.71371e-20
0
0
0
0
0
0
1.71371e-20
0
0
0
0
0
0
0
0
0
0
0
0
0
0
1.71371e-20
0
0
0
0
0
-3.27684e-20
0
3.27684e-20
0
-3.27684e-20
0
-3.27684e-20
0
-3.27684e-20
0
-3.27684e-20
0
-3.27684e-20
0
0
-3.27684e-20
0
-3.27684e-20
0
-3.27684e-20
0
-3.27684e-20
0
0
0
0
0
0
0
0
0
0
-2.49528e-20
0
0
0
-2.49528e-20
0
-2.49528e-20
0
-2.49528e-20
0
0
0
0
0
0
0
0
0
0
0
0
0
0
0
0
0
0
0
0
3.27684e-20
0
0
0
0
0
0
0
0
0
0
0
0
0
0
0
3.27684e-20
0
0
0
0
0
0
0
-2.49528e-20
-2.49528e-20
0
-2.49528e-20
0
-2.49528e-20
0
-2.49528e-20
0
-2.49528e-20
-2.49528e-20
0
-2.49528e-20
0
-2.49528e-20
0
-2.49528e-20
0
-2.49528e-20
-2.49528e-20
0
-2.49528e-20
0
-2.49528e-20
0
-2.49528e-20
-2.49528e-20
-2.49528e-20
-2.49528e-20
0
-2.49528e-20
0
-2.49528e-20
2.49528e-20
-2.49528e-20
0
-2.49528e-20
-2.49528e-20
0
-2.49528e-20
0
-2.49528e-20
0
-2.49528e-20
0
-2.49528e-20
-2.49528e-20
0
-2.49528e-20
2.49528e-20
-2.49528e-20
0
-2.49528e-20
0
-2.49528e-20
-2.49528e-20
0
0
-2.49528e-20
-2.49528e-20
0
-2.49528e-20
0
-2.49528e-20
-2.49528e-20
0
-2.49528e-20
0
0
3.27684e-20
0
3.27684e-20
0
-2.49528e-20
0
-2.49528e-20
0
-2.49528e-20
0
-2.49528e-20
0
-2.49528e-20
-2.49528e-20
0
-2.49528e-20
0
-2.49528e-20
-3.27684e-20
-2.49528e-20
0
-2.49528e-20
0
0
0
0
0
0
0
0
-1.71371e-20
-7.81564e-21
0
-3.27684e-20
0
-7.81564e-21
0
-3.27684e-20
0
-3.27684e-20
-7.81564e-21
0
-7.81564e-21
0
-7.81564e-21
0
-7.81564e-21
0
-7.81564e-21
-3.27684e-20
0
0
0
0
0
0
0
0
-3.27684e-20
0
0
0
-3.27684e-20
0
-3.27684e-20
0
-3.27684e-20
0
0
0
0
0
0
0
0
0
0
0
0
0
0
0
0
0
0
0
0
0
0
0
0
0
0
0
0
0
0
0
0
0
0
0
0
0
0
0
0
0
0
0
-3.27684e-20
0
0
0
0
0
0
0
0
-3.27684e-20
0
0
0
0
0
0
-3.27684e-20
0
0
0
0
0
0
0
0
0
0
1.71371e-20
0
0
0
0
0
0
0
0
0
0
0
0
0
0
0
1.71371e-20
0
0
0
0
0
0
0
0
0
0
0
0
0
0
0
1.71371e-20
0
0
0
0
0
0
0
0
1.71371e-20
0
0
0
0
0
0
1.71371e-20
0
0
0
0
0
0
0
0
0
0
0
0
0
0
1.71371e-20
0
0
0
0
0
0
0
0
0
-1.71371e-20
-7.81564e-21
0
-3.27684e-20
0
-7.81564e-21
0
-3.27684e-20
0
-3.27684e-20
-7.81564e-21
0
-7.81564e-21
0
-7.81564e-21
0
-7.81564e-21
0
-7.81564e-21
-3.27684e-20
0
0
0
0
0
0
0
0
-3.27684e-20
0
0
0
-3.27684e-20
0
-3.27684e-20
0
-3.27684e-20
0
0
0
0
0
0
0
0
0
0
0
0
0
0
0
0
0
0
0
0
0
0
0
0
0
0
0
0
0
0
0
0
0
0
0
0
0
0
0
0
0
0
0
-3.27684e-20
0
0
0
0
0
0
0
0
-3.27684e-20
0
0
0
0
0
0
-3.27684e-20
0
0
0
0
0
0
0
0
0
0
1.71371e-20
0
0
0
0
0
0
0
0
0
0
0
0
0
0
0
1.71371e-20
0
0
0
0
0
0
0
0
0
0
0
0
0
0
0
1.71371e-20
0
0
0
0
0
0
0
0
1.71371e-20
0
0
0
0
0
0
1.71371e-20
0
0
0
0
0
0
0
0
0
0
0
0
0
0
1.71371e-20
0
0
0
0
0
1.71371e-20
0
3.27684e-20
0
0
0
0
0
-1.71371e-20
0
1.71371e-20
0
0
0
0
-1.71371e-20
0
1.71371e-20
0
0
0
0
0
0
0
4.83997e-20
0
4.83997e-20
0
4.83997e-20
0
4.83997e-20
0
0
0
0
0
0
0
0
0
4.83997e-20
0
4.83997e-20
0
4.83997e-20
0
4.83997e-20
0
4.83997e-20
0
0
4.83997e-20
0
4.83997e-20
0
4.83997e-20
0
4.83997e-20
4.83997e-20
0
-2.49528e-20
0
4.83997e-20
0
7.81564e-21
0
4.83997e-20
4.83997e-20
0
4.83997e-20
0
4.83997e-20
1.71371e-20
4.83997e-20
0
4.83997e-20
-2.49528e-20
0
4.83997e-20
0
7.81564e-21
0
4.20899e-20
0
-4.0584e-20
-4.0584e-20
0
-4.0584e-20
0
-4.0584e-20
0
-4.0584e-20
0
-4.0584e-20
-4.0584e-20
0
-4.0584e-20
0
-4.0584e-20
0
-4.0584e-20
0
-4.0584e-20
-4.0584e-20
-3.27684e-20
-4.0584e-20
0
-4.0584e-20
0
-4.0584e-20
0
-4.0584e-20
-4.0584e-20
0
-4.0584e-20
0
-4.0584e-20
0
-4.0584e-20
0
-4.0584e-20
-4.0584e-20
0
-4.0584e-20
0
-4.0584e-20
-1.71371e-20
-4.0584e-20
0
-4.0584e-20
-4.0584e-20
0
-4.0584e-20
0
-4.0584e-20
0
-4.0584e-20
0
-4.0584e-20
-4.0584e-20
0
0
0
-4.0584e-20
0
-4.0584e-20
0
-4.0584e-20
-4.0584e-20
0
-4.0584e-20
-1.71371e-20
-4.0584e-20
0
0
0
-4.0584e-20
-4.0584e-20
-1.71371e-20
-4.0584e-20
0
-4.0584e-20
0
-4.0584e-20
0
-4.0584e-20
-4.0584e-20
1.71371e-20
-4.0584e-20
0
-4.0584e-20
0
-4.0584e-20
-1.71371e-20
-4.0584e-20
0
0
0
0
0
0
0
0
-1.71371e-20
-7.81564e-21
0
-3.27684e-20
0
-7.81564e-21
0
-3.27684e-20
0
-3.27684e-20
-7.81564e-21
0
-7.81564e-21
0
-7.81564e-21
0
-7.81564e-21
0
-7.81564e-21
-3.27684e-20
0
0
0
0
0
0
0
0
-3.27684e-20
0
0
0
-3.27684e-20
0
-3.27684e-20
0
-3.27684e-20
0
0
0
0
0
0
0
0
0
0
0
0
0
0
0
0
0
0
0
0
0
0
0
0
0
0
0
0
0
0
0
0
0
0
0
0
0
0
0
0
0
0
0
-3.27684e-20
0
0
0
0
0
0
0
0
-3.27684e-20
0
0
0
0
0
0
-3.27684e-20
0
0
0
0
0
0
0
0
0
0
1.71371e-20
0
0
0
0
0
0
0
0
0
0
0
0
0
0
0
1.71371e-20
0
0
0
0
0
0
0
0
0
0
0
0
0
0
0
1.71371e-20
0
0
0
0
0
0
0
0
1.71371e-20
0
0
0
0
0
0
1.71371e-20
0
0
0
0
0
0
0
0
0
0
0
0
0
0
1.71371e-20
0
0
0
0
0
-3.27684e-20
0
3.27684e-20
0
-3.27684e-20
0
-3.27684e-20
0
-3.27684e-20
0
-3.27684e-20
0
-3.27684e-20
0
0
-3.27684e-20
0
-3.27684e-20
0
-3.27684e-20
0
-3.27684e-20
0
0
0
0
0
0
0
0
0
0
-2.49528e-20
0
0
0
-2.49528e-20
0
-2.49528e-20
0
-2.49528e-20
0
0
0
0
0
0
0
0
0
0
0
0
0
0
0
0
0
0
0
0
3.27684e-20
0
0
0
0
0
0
0
0
0
0
0
0
0
0
0
3.27684e-20
0
0
0
0
0
0
0
-2.49528e-20
-2.49528e-20
0
-2.49528e-20
0
-2.49528e-20
0
-2.49528e-20
0
-2.49528e-20
-2.49528e-20
0
-2.49528e-20
0
-2.49528e-20
0
-2.49528e-20
0
-2.49528e-20
-2.49528e-20
0
-2.49528e-20
0
-2.49528e-20
0
-2.49528e-20
-2.49528e-20
-2.49528e-20
-2.49528e-20
0
-2.49528e-20
0
-2.49528e-20
2.49528e-20
-2.49528e-20
0
-2.49528e-20
-2.49528e-20
0
-2.49528e-20
0
-2.49528e-20
0
-2.49528e-20
0
-2.49528e-20
-2.49528e-20
0
-2.49528e-20
2.49528e-20
-2.49528e-20
0
-2.49528e-20
0
-2.49528e-20
-2.49528e-20
0
0
-2.49528e-20
-2.49528e-20
0
-2.49528e-20
0
-2.49528e-20
-2.49528e-20
0
-2.49528e-20
0
0
3.27684e-20
0
3.27684e-20
0
-2.49528e-20
0
-2.49528e-20
0
-2.49528e-20
0
-2.49528e-20
0
-2.49528e-20
-2.49528e-20
0
-2.49528e-20
0
-2.49528e-20
-3.27684e-20
-2.49528e-20
0
-2.49528e-20
0
0
0
0
0
0
0
0
-1.71371e-20
-7.81564e-21
0
-3.27684e-20
0
-7.81564e-21
0
-3.27684e-20
0
-3.27684e-20
-7.81564e-21
0
-7.81564e-21
0
-7.81564e-21
0
-7.81564e-21
0
-7.81564e-21
-3.27684e-20
0
0
0
0
0
0
0
0
-3.27684e-20
0
0
0
-3.27684e-20
0
-3.27684e-20
0
-3.27684e-20
0
0
0
0
0
0
0
0
0
0
0
0
0
0
0
0
0
0
0
0
0
0
0
0
0
0
0
0
0
0
0
0
0
0
0
0
0
0
0
0
0
0
0
-3.27684e-20
0
0
0
0
0
0
0
0
-3.27684e-20
0
0
0
0
0
0
-3.27684e-20
0
0
0
0
0
0
0
0
0
0
1.71371e-20
0
0
0
0
0
0
0
0
0
0
0
0
0
0
0
1.71371e-20
0
0
0
0
0
0
0
0
0
0
0
0
0
0
0
1.71371e-20
0
0
0
0
0
0
0
0
1.71371e-20
0
0
0
0
0
0
1.71371e-20
0
0
0
0
0
0
0
0
0
0
0
0
0
0
1.71371e-20
0
0
0
1.71371e-20
0
0
0
0
0
0
0
-3.27684e-20
-2.49528e-20
-1.56313e-20
0
-3.27684e-20
0
-1.56313e-20
0
2.49528e-20
-3.27684e-20
0
-3.27684e-20
2.49528e-20
-4.99055e-20
0
-4.99055e-20
2.49528e-20
0
0
-2.49528e-20
0
-2.49528e-20
0
-2.49528e-20
0
-2.49528e-20
0
0
0
0
0
0
0
0
0
-2.49528e-20
0
-2.49528e-20
0
-2.49528e-20
0
-2.49528e-20
0
-2.49528e-20
0
0
-2.49528e-20
3.27684e-20
-2.49528e-20
0
-2.49528e-20
3.27684e-20
-2.49528e-20
-2.49528e-20
0
0
0
-2.49528e-20
0
0
0
-2.49528e-20
-2.49528e-20
3.27684e-20
-2.49528e-20
0
-2.49528e-20
3.27684e-20
-2.49528e-20
0
-2.49528e-20
0
0
-2.49528e-20
0
0
0
0
0
-3.27684e-20
-3.27684e-20
0
-3.27684e-20
0
-3.27684e-20
0
-3.27684e-20
0
-3.27684e-20
-3.27684e-20
0
-3.27684e-20
0
-3.27684e-20
0
-3.27684e-20
0
-3.27684e-20
-3.27684e-20
0
-3.27684e-20
0
-3.27684e-20
0
-3.27684e-20
0
-3.27684e-20
-3.27684e-20
0
-3.27684e-20
0
-3.27684e-20
-2.49528e-20
-3.27684e-20
0
-3.27684e-20
-3.27684e-20
0
-3.27684e-20
0
-3.27684e-20
-2.49528e-20
-3.27684e-20
0
-3.27684e-20
-3.27684e-20
0
-3.27684e-20
-2.49528e-20
-3.27684e-20
0
-3.27684e-20
0
-3.27684e-20
-3.27684e-20
0
-3.27684e-20
0
-3.27684e-20
0
-3.27684e-20
0
-3.27684e-20
-3.27684e-20
0
-3.27684e-20
-2.49528e-20
-1.71371e-20
2.49528e-20
-3.27684e-20
0
-1.71371e-20
-3.27684e-20
-2.49528e-20
-3.27684e-20
0
-3.27684e-20
0
-3.27684e-20
0
-3.27684e-20
-3.27684e-20
0
-3.27684e-20
0
-3.27684e-20
0
-3.27684e-20
-2.49528e-20
-3.27684e-20
0
0
0
0
0
0
0
0
-1.71371e-20
-7.81564e-21
0
-3.27684e-20
0
-7.81564e-21
0
-3.27684e-20
0
-3.27684e-20
-7.81564e-21
0
-7.81564e-21
0
-7.81564e-21
0
-7.81564e-21
0
-7.81564e-21
-3.27684e-20
0
0
0
0
0
0
0
0
-3.27684e-20
0
0
0
-3.27684e-20
0
-3.27684e-20
0
-3.27684e-20
0
0
0
0
0
0
0
0
0
0
0
0
0
0
0
0
0
0
0
0
0
0
0
0
0
0
0
0
0
0
0
0
0
0
0
0
0
0
0
0
0
0
0
-3.27684e-20
0
0
0
0
0
0
0
0
-3.27684e-20
0
0
0
0
0
0
-3.27684e-20
0
0
0
0
0
0
0
0
0
0
1.71371e-20
0
0
0
0
0
0
0
0
0
0
0
0
0
0
0
1.71371e-20
0
0
0
0
0
0
0
0
0
0
0
0
0
0
0
1.71371e-20
0
0
0
0
0
0
0
0
1.71371e-20
0
0
0
0
0
0
1.71371e-20
0
0
0
0
0
0
0
0
0
0
0
0
0
0
1.71371e-20
0
0
0
0
0
0
0
0
0
-1.71371e-20
0
-3.27684e-20
-2.49528e-20
-1.56313e-20
0
0
0
1.71371e-20
0
2.49528e-20
0
0
0
2.49528e-20
-1.71371e-20
0
-1.71371e-20
2.49528e-20
0
0
-2.49528e-20
0
-2.49528e-20
0
-2.49528e-20
0
-2.49528e-20
0
0
0
0
0
0
0
0
0
-2.49528e-20
0
-2.49528e-20
0
-2.49528e-20
0
-2.49528e-20
0
-2.49528e-20
0
0
-2.49528e-20
3.27684e-20
-2.49528e-20
0
-2.49528e-20
0
-2.49528e-20
-2.49528e-20
0
0
0
-2.49528e-20
0
0
0
-2.49528e-20
-2.49528e-20
3.27684e-20
-2.49528e-20
0
-2.49528e-20
0
-2.49528e-20
0
-2.49528e-20
0
0
-2.49528e-20
0
0
0
0
0
0
0
0
0
0
0
0
0
0
0
0
0
0
0
0
0
0
0
0
0
0
0
0
0
0
0
4.99055e-20
0
0
0
0
0
0
-2.49528e-20
0
0
0
0
0
0
0
0
2.49528e-20
0
0
0
0
0
0
-2.49528e-20
0
0
0
0
0
0
0
-3.27684e-20
4.99055e-20
0
0
0
0
0
0
0
0
2.49528e-20
0
2.49528e-20
-3.27684e-20
0
0
0
2.49528e-20
0
0
0
0
0
0
0
0
0
0
-2.49528e-20
0
0
0
2.49528e-20
0
0
0
0
0
0
0
0
0
-1.71371e-20
0
-3.27684e-20
-2.49528e-20
-1.56313e-20
0
0
0
1.71371e-20
0
2.49528e-20
0
0
0
2.49528e-20
-1.71371e-20
0
-1.71371e-20
2.49528e-20
0
0
-2.49528e-20
0
-2.49528e-20
0
-2.49528e-20
0
-2.49528e-20
0
0
0
0
0
0
0
0
0
-2.49528e-20
0
-2.49528e-20
0
-2.49528e-20
0
-2.49528e-20
0
-2.49528e-20
0
0
-2.49528e-20
3.27684e-20
-2.49528e-20
0
-2.49528e-20
0
-2.49528e-20
-2.49528e-20
0
0
0
-2.49528e-20
0
0
0
-2.49528e-20
-2.49528e-20
3.27684e-20
-2.49528e-20
0
-2.49528e-20
0
-2.49528e-20
0
-2.49528e-20
0
0
-2.49528e-20
0
0
0
0
0
0
0
0
0
0
0
0
0
0
0
0
0
0
0
0
0
0
0
0
0
0
0
0
0
0
0
4.99055e-20
0
0
0
0
0
0
-2.49528e-20
0
0
0
0
0
0
0
0
2.49528e-20
0
0
0
0
0
0
-2.49528e-20
0
0
0
0
0
0
0
-3.27684e-20
4.99055e-20
0
0
0
0
0
0
0
0
2.49528e-20
0
2.49528e-20
-3.27684e-20
0
0
0
2.49528e-20
0
0
0
0
0
0
0
0
0
0
-2.49528e-20
0
0
0
2.49528e-20
0
0
0
0
0
0
0
0
0
-1.71371e-20
-7.81564e-21
0
-3.27684e-20
0
-7.81564e-21
0
-3.27684e-20
0
-3.27684e-20
-7.81564e-21
0
-7.81564e-21
0
-7.81564e-21
0
-7.81564e-21
0
-7.81564e-21
-3.27684e-20
0
0
0
0
0
0
0
0
-3.27684e-20
0
0
0
-3.27684e-20
0
-3.27684e-20
0
-3.27684e-20
0
0
0
0
0
0
0
0
0
0
0
0
0
0
0
0
0
0
0
0
0
0
0
0
0
0
0
0
0
0
0
0
0
0
0
0
0
0
0
0
0
0
0
-3.27684e-20
0
0
0
0
0
0
0
0
-3.27684e-20
0
0
0
0
0
0
-3.27684e-20
0
0
0
0
0
0
0
0
0
0
1.71371e-20
0
0
0
0
0
0
0
0
0
0
0
0
0
0
0
1.71371e-20
0
0
0
0
0
0
0
0
0
0
0
0
0
0
0
1.71371e-20
0
0
0
0
0
0
0
0
1.71371e-20
0
0
0
0
0
0
1.71371e-20
0
0
0
0
0
0
0
0
0
0
0
0
0
0
1.71371e-20
0
0
0
-1.71371e-20
0
1.71371e-20
0
1.71371e-20
0
0
0
1.71371e-20
-2.49528e-20
0
0
4.99055e-20
-2.49528e-20
3.27684e-20
-2.49528e-20
0
1.56313e-20
2.49528e-20
4.99055e-20
0
3.27684e-20
2.49528e-20
3.27684e-20
0
-2.49528e-20
0
0
0
0
0
0
0
0
0
0
0
0
0
0
0
0
0
0
0
0
0
0
0
0
0
0
0
0
0
0
0
0
0
-3.27684e-20
0
0
0
-3.27684e-20
0
0
0
-3.27684e-20
0
0
0
0
0
0
0
-3.27684e-20
0
0
0
-3.27684e-20
0
0
0
-3.27684e-20
0
0
0
3.27684e-20
3.27684e-20
2.49528e-20
3.27684e-20
0
3.27684e-20
2.49528e-20
3.27684e-20
0
3.27684e-20
3.27684e-20
2.49528e-20
3.27684e-20
0
3.27684e-20
0
3.27684e-20
2.49528e-20
3.27684e-20
3.27684e-20
-3.27684e-20
3.27684e-20
2.49528e-20
3.27684e-20
2.49528e-20
3.27684e-20
4.99055e-20
3.27684e-20
3.27684e-20
2.49528e-20
3.27684e-20
2.49528e-20
3.27684e-20
0
3.27684e-20
2.49528e-20
3.27684e-20
3.27684e-20
2.49528e-20
3.27684e-20
2.49528e-20
3.27684e-20
4.99055e-20
3.27684e-20
2.49528e-20
3.27684e-20
3.27684e-20
2.49528e-20
3.27684e-20
0
3.27684e-20
2.49528e-20
3.27684e-20
2.49528e-20
3.27684e-20
3.27684e-20
2.49528e-20
0
4.99055e-20
3.27684e-20
2.49528e-20
3.27684e-20
2.49528e-20
3.27684e-20
3.27684e-20
2.49528e-20
3.27684e-20
4.99055e-20
3.27684e-20
0
0
2.49528e-20
3.27684e-20
1.71371e-20
4.99055e-20
3.27684e-20
2.49528e-20
3.27684e-20
2.49528e-20
3.27684e-20
2.49528e-20
3.27684e-20
3.27684e-20
0
3.27684e-20
0
1.71371e-20
2.49528e-20
3.27684e-20
4.99055e-20
3.27684e-20
0
0
0
0
0
0
0
0
-2.49528e-20
0
0
0
0
0
0
0
0
0
0
0
0
0
0
0
0
0
0
0
0
0
0
0
0
0
0
0
-3.27684e-20
0
0
0
-3.27684e-20
0
-3.27684e-20
0
-3.27684e-20
0
0
0
0
0
0
0
0
0
0
0
0
0
0
0
0
3.27684e-20
0
0
0
0
0
0
0
3.27684e-20
0
0
0
0
0
0
0
3.27684e-20
0
0
0
0
0
0
0
3.27684e-20
0
0
0
0
0
0
0
7.81564e-21
0
0
0
0
0
0
0
0
7.81564e-21
0
0
0
0
0
0
1.71371e-20
0
0
0
0
0
0
0
0
0
0
0
0
0
0
0
0
0
0
0
0
0
0
0
0
0
0
0
0
0
0
0
0
0
0
0
0
-7.81564e-21
0
0
0
0
0
0
0
0
0
0
0
0
-7.81564e-21
0
0
2.49528e-20
0
0
0
0
0
0
0
0
0
0
2.49528e-20
0
2.49528e-20
0
2.49528e-20
0
0
0
0
0
0
0
0
0
0
-1.71371e-20
0
-3.27684e-20
-2.49528e-20
-1.56313e-20
0
0
0
1.71371e-20
0
2.49528e-20
0
0
0
2.49528e-20
-1.71371e-20
0
-1.71371e-20
2.49528e-20
0
0
-2.49528e-20
0
-2.49528e-20
0
-2.49528e-20
0
-2.49528e-20
0
0
0
0
0
0
0
0
0
-2.49528e-20
0
-2.49528e-20
0
-2.49528e-20
0
-2.49528e-20
0
-2.49528e-20
0
0
-2.49528e-20
3.27684e-20
-2.49528e-20
0
-2.49528e-20
0
-2.49528e-20
-2.49528e-20
0
0
0
-2.49528e-20
0
0
0
-2.49528e-20
-2.49528e-20
3.27684e-20
-2.49528e-20
0
-2.49528e-20
0
-2.49528e-20
0
-2.49528e-20
0
0
-2.49528e-20
0
0
0
0
0
0
0
0
0
0
0
0
0
0
0
0
0
0
0
0
0
0
0
0
0
0
0
0
0
0
0
4.99055e-20
0
0
0
0
0
0
-2.49528e-20
0
0
0
0
0
0
0
0
2.49528e-20
0
0
0
0
0
0
-2.49528e-20
0
0
0
0
0
0
0
-3.27684e-20
4.99055e-20
0
0
0
0
0
0
0
0
2.49528e-20
0
2.49528e-20
-3.27684e-20
0
0
0
2.49528e-20
0
0
0
0
0
0
0
0
0
0
-2.49528e-20
0
0
0
2.49528e-20
0
0
0
0
0
0
0
0
0
0
0
0
0
0
0
1.71371e-20
0
1.71371e-20
0
0
0
0
1.71371e-20
0
0
0
0
0
0
-2.49528e-20
0
0
0
-2.49528e-20
0
0
0
0
0
0
0
0
0
0
0
0
0
0
0
-2.49528e-20
0
0
0
-2.49528e-20
0
0
0
0
1.71371e-20
0
0
0
0
0
0
0
0
0
0
0
-1.71371e-20
0
0
0
1.71371e-20
0
0
0
0
0
0
0
0
0
0
0
-1.71371e-20
0
0
0
0
0
0
0
0
0
0
0
0
0
0
0
0
0
0
0
0
0
0
0
0
0
0
0
0
0
0
0
0
0
0
0
0
3.27684e-20
0
0
0
0
0
0
0
0
0
0
0
0
0
0
0
3.27684e-20
0
0
0
0
0
0
0
1.71371e-20
0
0
0
0
0
0
0
0
0
0
0
3.27684e-20
1.71371e-20
3.27684e-20
0
0
0
0
0
0
0
0
0
0
0
3.27684e-20
0
0
0
-3.27684e-20
0
0
0
0
0
0
0
0
0
0
0
0
0
0
0
0
0
1.71371e-20
0
1.71371e-20
0
0
0
0
1.71371e-20
0
0
0
0
0
0
-2.49528e-20
0
0
0
-2.49528e-20
0
0
0
0
0
0
0
0
0
0
0
0
0
0
0
-2.49528e-20
0
0
0
-2.49528e-20
0
0
0
0
1.71371e-20
0
0
0
0
0
0
0
0
0
0
0
-1.71371e-20
0
0
0
1.71371e-20
0
0
0
0
0
0
0
0
0
0
0
-1.71371e-20
0
0
0
0
0
0
0
0
0
0
0
0
0
0
0
0
0
0
0
0
0
0
0
0
0
0
0
0
0
0
0
0
0
0
0
0
3.27684e-20
0
0
0
0
0
0
0
0
0
0
0
0
0
0
0
3.27684e-20
0
0
0
0
0
0
0
1.71371e-20
0
0
0
0
0
0
0
0
0
0
0
3.27684e-20
1.71371e-20
3.27684e-20
0
0
0
0
0
0
0
0
0
0
0
3.27684e-20
0
0
0
-3.27684e-20
0
0
0
0
0
0
0
0
0
0
0
0
0
0
0
0
0
1.71371e-20
0
1.71371e-20
0
0
0
0
1.71371e-20
0
0
0
0
0
0
-2.49528e-20
0
0
0
-2.49528e-20
0
0
0
0
0
0
0
0
0
0
0
0
0
0
0
-2.49528e-20
0
0
0
-2.49528e-20
0
0
0
0
1.71371e-20
0
0
0
0
0
0
0
0
0
0
0
-1.71371e-20
0
0
0
1.71371e-20
0
0
0
0
0
0
0
0
0
0
0
-1.71371e-20
0
0
0
0
0
0
0
0
0
0
0
0
0
0
0
0
0
0
0
0
0
0
0
0
0
0
0
0
0
0
0
0
0
0
0
0
3.27684e-20
0
0
0
0
0
0
0
0
0
0
0
0
0
0
0
3.27684e-20
0
0
0
0
0
0
0
1.71371e-20
0
0
0
0
0
0
0
0
0
0
0
3.27684e-20
1.71371e-20
3.27684e-20
0
0
0
0
0
0
0
0
0
0
0
3.27684e-20
0
0
0
-3.27684e-20
0
0
0
0
0
0
0
0
0
3.27684e-20
0
0
0
0
0
0
0
-3.27684e-20
0
-3.27684e-20
0
0
0
0
-3.27684e-20
0
0
0
0
0
0
0
1.71371e-20
1.71371e-20
1.71371e-20
-1.71371e-20
1.71371e-20
1.71371e-20
1.71371e-20
1.71371e-20
0
0
0
1.71371e-20
0
1.71371e-20
0
1.71371e-20
1.71371e-20
1.71371e-20
1.71371e-20
-1.71371e-20
1.71371e-20
1.71371e-20
1.71371e-20
0
1.71371e-20
0
0
1.71371e-20
1.71371e-20
1.71371e-20
0
1.71371e-20
0
1.71371e-20
1.71371e-20
0
5.77211e-20
0
1.71371e-20
0
-2.49528e-20
0
1.71371e-20
1.71371e-20
1.71371e-20
1.71371e-20
0
1.71371e-20
-1.71371e-20
1.71371e-20
0
1.71371e-20
5.77211e-20
0
1.71371e-20
0
-2.49528e-20
0
3.27684e-20
0
-1.71371e-20
-1.71371e-20
0
-1.71371e-20
0
-1.71371e-20
0
-1.71371e-20
0
-1.71371e-20
-1.71371e-20
0
-1.71371e-20
0
-1.71371e-20
0
-1.71371e-20
0
-1.71371e-20
-1.71371e-20
0
-1.71371e-20
0
-1.71371e-20
0
-1.71371e-20
0
-1.71371e-20
-1.71371e-20
0
-1.71371e-20
0
-1.71371e-20
-3.27684e-20
-1.71371e-20
0
-1.71371e-20
-1.71371e-20
0
-1.71371e-20
0
-1.71371e-20
0
-1.71371e-20
0
-1.71371e-20
-1.71371e-20
0
-1.71371e-20
-3.27684e-20
-1.71371e-20
0
-1.71371e-20
0
-1.71371e-20
-1.71371e-20
0
-1.71371e-20
0
-1.71371e-20
0
-1.71371e-20
0
-1.71371e-20
-1.71371e-20
0
-1.71371e-20
0
-1.71371e-20
0
-1.71371e-20
-2.49528e-20
-1.71371e-20
0
0
-1.71371e-20
0
-1.71371e-20
0
-1.71371e-20
0
-1.71371e-20
-1.71371e-20
-3.27684e-20
0
0
0
-7.81564e-21
0
0
-1.71371e-20
0
0
0
0
0
0
0
0
0
0
0
0
0
0
1.71371e-20
0
1.71371e-20
0
0
0
0
1.71371e-20
0
0
0
0
0
0
-2.49528e-20
0
0
0
-2.49528e-20
0
0
0
0
0
0
0
0
0
0
0
0
0
0
0
-2.49528e-20
0
0
0
-2.49528e-20
0
0
0
0
1.71371e-20
0
0
0
0
0
0
0
0
0
0
0
-1.71371e-20
0
0
0
1.71371e-20
0
0
0
0
0
0
0
0
0
0
0
-1.71371e-20
0
0
0
0
0
0
0
0
0
0
0
0
0
0
0
0
0
0
0
0
0
0
0
0
0
0
0
0
0
0
0
0
0
0
0
0
3.27684e-20
0
0
0
0
0
0
0
0
0
0
0
0
0
0
0
3.27684e-20
0
0
0
0
0
0
0
1.71371e-20
0
0
0
0
0
0
0
0
0
0
0
3.27684e-20
1.71371e-20
3.27684e-20
0
0
0
0
0
0
0
0
0
0
0
3.27684e-20
0
0
0
-3.27684e-20
0
0
0
0
0
0
0
0
0
0
0
0
0
0
0
0
0
1.71371e-20
0
1.71371e-20
0
0
0
0
1.71371e-20
0
0
0
0
0
0
-2.49528e-20
0
0
0
-2.49528e-20
0
0
0
0
0
0
0
0
0
0
0
0
0
0
0
-2.49528e-20
0
0
0
-2.49528e-20
0
0
0
0
1.71371e-20
0
0
0
0
0
0
0
0
0
0
0
-1.71371e-20
0
0
0
1.71371e-20
0
0
0
0
0
0
0
0
0
0
0
-1.71371e-20
0
0
0
0
0
0
0
0
0
0
0
0
0
0
0
0
0
0
0
0
0
0
0
0
0
0
0
0
0
0
0
0
0
0
0
0
3.27684e-20
0
0
0
0
0
0
0
0
0
0
0
0
0
0
0
3.27684e-20
0
0
0
0
0
0
0
1.71371e-20
0
0
0
0
0
0
0
0
0
0
0
3.27684e-20
1.71371e-20
3.27684e-20
0
0
0
0
0
0
0
0
0
0
0
3.27684e-20
0
0
0
-3.27684e-20
0
0
0
2.41998e-20
0
-4.99055e-20
0
0
0
0
0
4.0584e-20
-2.34469e-20
0
-1.56313e-20
0
-2.34469e-20
-2.49528e-20
0
-2.49528e-20
0
-7.81564e-21
0
-4.0584e-20
-2.49528e-20
-7.81564e-21
0
-4.0584e-20
0
-7.81564e-21
0
-7.81564e-21
0
3.27684e-20
0
-4.0584e-20
0
3.27684e-20
0
3.27684e-20
-7.81564e-21
5.77211e-20
-7.81564e-21
3.27684e-20
-7.81564e-21
3.27684e-20
-7.81564e-21
3.27684e-20
0
3.27684e-20
0
-4.0584e-20
0
3.27684e-20
0
-7.81564e-21
0
5.77211e-20
-7.81564e-21
0
0
0
-7.81564e-21
0
0
0
0
-7.81564e-21
4.99055e-20
-7.81564e-21
0
-7.81564e-21
2.49528e-20
-7.81564e-21
0
0
0
0
-7.81564e-21
0
0
0
-7.81564e-21
0
4.99055e-20
-7.81564e-21
0
-7.81564e-21
2.49528e-20
-7.81564e-21
0
4.99055e-20
-3.27684e-20
-3.27684e-20
0
-3.27684e-20
0
-3.27684e-20
0
-3.27684e-20
3.27684e-20
-3.27684e-20
-3.27684e-20
0
-3.27684e-20
0
-3.27684e-20
4.99055e-20
-3.27684e-20
0
-3.27684e-20
-3.27684e-20
-1.71371e-20
-3.27684e-20
0
-3.27684e-20
0
-3.27684e-20
-2.49528e-20
-3.27684e-20
-3.27684e-20
0
-3.27684e-20
0
-3.27684e-20
2.49528e-20
-3.27684e-20
0
-3.27684e-20
-3.27684e-20
0
-3.27684e-20
0
-3.27684e-20
0
-3.27684e-20
0
-3.27684e-20
-3.27684e-20
0
-3.27684e-20
2.49528e-20
-3.27684e-20
0
-3.27684e-20
0
-3.27684e-20
-3.27684e-20
0
-3.27684e-20
-2.49528e-20
-3.27684e-20
0
-3.27684e-20
0
-3.27684e-20
-3.27684e-20
0
-3.27684e-20
0
-3.27684e-20
-3.27684e-20
-3.27684e-20
0
-3.27684e-20
0
0
-3.27684e-20
0
-3.27684e-20
0
-3.27684e-20
0
-3.27684e-20
-3.27684e-20
0
-3.27684e-20
0
0
3.27684e-20
-3.27684e-20
0
-3.27684e-20
0
1.71371e-20
0
1.71371e-20
0
1.71371e-20
-3.27684e-20
1.71371e-20
-3.27684e-20
0
-1.56313e-20
-1.71371e-20
-1.56313e-20
0
0
-1.71371e-20
0
-1.71371e-20
0
0
0
0
0
0
0
0
0
-1.71371e-20
0
3.27684e-20
0
3.27684e-20
0
3.27684e-20
0
3.27684e-20
1.71371e-20
7.81564e-21
-4.99055e-20
7.81564e-21
0
7.81564e-21
1.71371e-20
7.81564e-21
1.71371e-20
3.27684e-20
0
3.27684e-20
0
3.27684e-20
0
3.27684e-20
0
3.27684e-20
-4.99055e-20
7.81564e-21
3.27684e-20
0
3.27684e-20
7.81564e-21
3.27684e-20
0
3.27684e-20
3.27684e-20
7.81564e-21
0
7.81564e-21
3.27684e-20
7.81564e-21
0
7.81564e-21
3.27684e-20
3.27684e-20
0
3.27684e-20
7.81564e-21
3.27684e-20
0
3.27684e-20
7.81564e-21
3.27684e-20
0
7.81564e-21
3.27684e-20
7.81564e-21
0
7.81564e-21
1.71371e-20
-2.49528e-20
0
0
0
0
-3.27684e-20
0
0
0
-2.49528e-20
0
0
0
0
-3.27684e-20
0
-2.49528e-20
0
0
0
0
-3.27684e-20
0
0
0
0
0
-1.56313e-20
0
0
0
0
0
0
1.56313e-20
0
0
0
0
0
0
0
0
0
0
0
0
0
0
0
1.56313e-20
0
0
0
0
0
0
0
0
-1.56313e-20
0
0
0
0
0
0
0
0
0
1.56313e-20
2.49528e-20
0
0
1.56313e-20
0
0
0
0
0
0
0
0
0
0
0
0
-2.49528e-20
0
0
0
0
0
0
0
0
0
0
0
0
0
0
0
0
0
0
0
3.27684e-20
0
3.27684e-20
0
0
7.81564e-21
0
3.27684e-20
0
7.81564e-21
0
7.81564e-21
0
0
0
0
0
0
0
0
0
0
0
0
1.71371e-20
0
2.49528e-20
0
0
0
0
0
0
0
0
0
0
0
0
0
1.71371e-20
0
0
0
0
0
0
0
0
0
0
0
0
0
0
0
0
0
0
0
0
0
0
0
0
0
0
0
0
0
0
0
0
0
2.49528e-20
0
0
0
0
0
0
0
0
2.49528e-20
0
0
0
0
0
0
2.49528e-20
0
0
0
0
-3.27684e-20
0
0
0
0
0
0
0
0
0
0
0
0
-2.49528e-20
0
0
0
0
0
0
0
0
0
0
0
0
0
0
0
-2.49528e-20
0
0
0
0
0
0
0
0
0
0
0
0
0
0
0
0
0
0
-3.27684e-20
0
0
0
-3.27684e-20
0
0
0
0
0
0
0
0
0
0
-2.49528e-20
0
0
0
0
0
0
0
0
0
0
0
0
0
0
0
0
0
0
0
2.7558e-20
0
0
0
2.7558e-20
0
0
2.7558e-20
0
0
0
0
0
0
0
0
0
0
3.6242e-20
0
0
0
3.6242e-20
0
-3.6242e-20
0
0
0
-3.6242e-20
0
-3.6242e-20
0
-3.6242e-20
0
3.6242e-20
0
0
0
3.6242e-20
0
0
0
0
0
0
0
0
0
0
0
0
0
0
-3.6242e-20
0
0
0
3.6242e-20
0
0
0
0
0
0
0
0
0
0
0
-3.6242e-20
0
0
0
3.6242e-20
0
0
0
0
0
0
0
2.7558e-20
0
0
0
-2.7558e-20
0
0
0
0
2.7558e-20
0
0
0
0
0
0
0
0
0
0
0
0
3.6242e-20
0
0
0
0
0
0
0
0
0
0
0
0
0
0
0
3.6242e-20
0
0
0
0
0
0
0
0
0
0
0
0
0
0
0
3.6242e-20
0
0
0
0
0
0
0
0
3.6242e-20
-1.88739e-20
3.6242e-20
0
0
-1.88739e-20
1.88739e-20
3.6242e-20
0
0
0
0
0
0
0
0
0
0
-3.6242e-20
1.88739e-20
0
0
3.6242e-20
0
0
0
0
0
0
0
1.88739e-20
0
1.88739e-20
-1.88739e-20
0
-5.51159e-20
0
-1.88739e-20
0
-3.6242e-20
0
-3.6242e-20
0
0
0
0
0
0
0
0
0
-3.6242e-20
-1.88739e-20
0
-1.88739e-20
0
-1.88739e-20
0
-1.88739e-20
0
0
-1.88739e-20
0
-1.88739e-20
0
-1.88739e-20
0
-1.88739e-20
0
0
-1.88739e-20
0
-1.88739e-20
0
-1.88739e-20
0
-1.88739e-20
0
0
-1.88739e-20
0
1.88739e-20
0
-1.88739e-20
0
0
0
0
-1.88739e-20
0
-1.88739e-20
0
-1.88739e-20
-2.7558e-20
-1.88739e-20
0
0
1.88739e-20
0
-1.88739e-20
0
0
0
-1.88739e-20
0
0
-1.88739e-20
0
-1.88739e-20
-2.7558e-20
-1.88739e-20
-2.7558e-20
0
0
0
0
0
0
0
0
0
0
0
0
0
0
0
0
0
0
0
0
0
1.88739e-20
0
0
0
0
0
1.88739e-20
0
0
0
0
0
0
0
0
0
0
0
0
0
0
0
1.88739e-20
0
0
0
0
0
0
0
0
0
0
0
0
0
0
2.7558e-20
1.88739e-20
0
0
0
0
0
0
0
0
1.88739e-20
0
0
2.7558e-20
-3.6242e-20
0
0
1.88739e-20
0
0
0
0
0
0
0
0
0
0
3.6242e-20
0
3.6242e-20
0
1.88739e-20
0
0
0
0
0
0
0
-3.6242e-20
0
-2.7558e-20
1.88739e-20
-1.88739e-20
1.88739e-20
-1.88739e-20
1.88739e-20
-1.88739e-20
0
-1.88739e-20
0
0
-1.88739e-20
0
-1.88739e-20
0
-1.88739e-20
0
-1.88739e-20
0
0
0
0
0
0
0
0
0
0
0
0
-1.88739e-20
0
0
0
0
0
0
0
0
0
0
0
0
0
0
0
-1.88739e-20
0
0
-3.6242e-20
0
0
0
-3.6242e-20
0
0
0
0
0
0
0
0
0
0
0
-3.6242e-20
0
0
0
0
0
0
0
0
0
0
0
0
0
0
-3.6242e-20
0
0
0
0
-1.88739e-20
0
0
0
1.88739e-20
0
0
0
0
-1.88739e-20
0
-3.6242e-20
0
0
0
0
1.73681e-20
0
0
0
0
0
-4.64319e-20
0
0
0
0
0
0
4.64319e-20
0
0
0
0
0
0
0
0
0
0
0
0
0
0
0
4.64319e-20
0
0
0
0
0
0
0
0
-4.64319e-20
0
0
0
0
0
0
0
0
0
0
0
0
0
0
0
0
0
0
0
0
0
0
0
0
0
0
0
0
0
0
0
0
0
0
0
0
0
0
0
0
0
0
0
0
0
0
0
0
0
0
0
0
0
0
0
0
0
0
0
0
0
0
1.88739e-20
0
-1.88739e-20
0
1.88739e-20
0
0
0
0
0
0
0
0
0
0
0
1.88739e-20
0
-1.88739e-20
0
1.88739e-20
0
0
0
0
0
0
0
0
0
0
5.51159e-20
0
0
0
1.88739e-20
0
0
0
0
0
0
0
0
0
0
0
3.6242e-20
0
0
0
1.88739e-20
0
0
0
0
0
0
0
0
0
0
0
2.7558e-20
0
0
0
0
0
0
0
0
2.7558e-20
0
0
0
0
0
0
2.7558e-20
0
0
0
0
0
0
0
0
0
0
0
0
0
0
0
0
0
0
0
0
0
0
0
0
0
0
0
0
0
0
0
0
0
0
0
0
-3.6242e-20
0
0
0
0
0
0
0
0
0
0
0
2.7558e-20
-3.6242e-20
0
0
0
0
0
0
0
0
0
0
0
0
0
0
-2.7558e-20
0
0
0
0
0
0
1.88739e-20
0
1.88739e-20
1.88739e-20
1.88739e-20
1.88739e-20
1.88739e-20
-8.68404e-21
0
0
0
0
0
0
0
0
0
0
-3.6242e-20
0
0
0
-3.6242e-20
0
-3.6242e-20
0
0
1.88739e-20
2.7558e-20
-2.7558e-20
2.7558e-20
2.7558e-20
2.7558e-20
-2.7558e-20
2.7558e-20
2.7558e-20
0
-8.68404e-21
0
0
0
2.7558e-20
0
2.7558e-20
2.7558e-20
-2.7558e-20
2.7558e-20
2.7558e-20
2.7558e-20
-2.7558e-20
2.7558e-20
1.88739e-20
2.7558e-20
-8.68404e-21
0
2.7558e-20
1.88739e-20
2.7558e-20
0
2.7558e-20
-2.7558e-20
2.7558e-20
2.7558e-20
0
0
0
2.7558e-20
0
1.88739e-20
0
2.7558e-20
2.7558e-20
1.88739e-20
2.7558e-20
0
2.7558e-20
-4.64319e-20
2.7558e-20
0
2.7558e-20
0
0
2.7558e-20
0
1.88739e-20
0
0
0
1.88739e-20
1.88739e-20
3.6242e-20
1.88739e-20
-1.88739e-20
1.88739e-20
3.6242e-20
1.88739e-20
1.88739e-20
1.88739e-20
1.88739e-20
3.6242e-20
1.88739e-20
-1.88739e-20
1.88739e-20
0
1.88739e-20
3.6242e-20
1.88739e-20
1.88739e-20
0
1.88739e-20
3.6242e-20
1.88739e-20
3.6242e-20
1.88739e-20
0
1.88739e-20
1.88739e-20
3.6242e-20
1.88739e-20
3.6242e-20
1.88739e-20
0
1.88739e-20
3.6242e-20
1.88739e-20
1.88739e-20
3.6242e-20
1.88739e-20
3.6242e-20
1.88739e-20
0
1.88739e-20
3.6242e-20
1.88739e-20
1.88739e-20
3.6242e-20
1.88739e-20
0
1.88739e-20
3.6242e-20
1.88739e-20
3.6242e-20
1.88739e-20
1.88739e-20
3.6242e-20
1.88739e-20
0
1.88739e-20
3.6242e-20
1.88739e-20
3.6242e-20
1.88739e-20
1.88739e-20
3.6242e-20
1.88739e-20
0
1.88739e-20
3.6242e-20
1.88739e-20
3.6242e-20
1.88739e-20
1.88739e-20
0
1.88739e-20
3.6242e-20
1.88739e-20
3.6242e-20
1.88739e-20
3.6242e-20
1.88739e-20
1.88739e-20
0
1.88739e-20
3.6242e-20
1.88739e-20
0
1.88739e-20
0
1.88739e-20
0
-2.7558e-20
-1.88739e-20
-2.7558e-20
0
-2.7558e-20
3.6242e-20
-2.7558e-20
0
0
-1.88739e-20
3.6242e-20
-1.88739e-20
0
-1.88739e-20
3.6242e-20
-1.88739e-20
3.6242e-20
0
-1.88739e-20
-3.6242e-20
-1.88739e-20
0
-1.88739e-20
-3.6242e-20
-1.88739e-20
0
3.6242e-20
0
-2.7558e-20
0
-2.7558e-20
0
-2.7558e-20
0
-2.7558e-20
-8.68404e-21
0
2.7558e-20
0
-8.68404e-21
0
-8.68404e-21
0
-8.68404e-21
-2.7558e-20
0
-2.7558e-20
0
-2.7558e-20
0
-2.7558e-20
0
-2.7558e-20
2.7558e-20
0
-2.7558e-20
0
-2.7558e-20
0
-2.7558e-20
-1.88739e-20
-2.7558e-20
-2.7558e-20
0
-3.6242e-20
0
-2.7558e-20
0
3.6242e-20
0
-2.7558e-20
-2.7558e-20
0
-2.7558e-20
0
-2.7558e-20
0
-2.7558e-20
0
-2.7558e-20
-3.6242e-20
0
-2.7558e-20
0
3.6242e-20
0
0
0
-3.6242e-20
-3.6242e-20
0
-3.6242e-20
3.6242e-20
-3.6242e-20
0
-3.6242e-20
0
-3.6242e-20
-3.6242e-20
0
-3.6242e-20
3.6242e-20
-3.6242e-20
0
-3.6242e-20
0
-3.6242e-20
-3.6242e-20
3.6242e-20
-3.6242e-20
0
-3.6242e-20
0
-3.6242e-20
0
-3.6242e-20
-3.6242e-20
0
-3.6242e-20
0
-3.6242e-20
-2.7558e-20
-3.6242e-20
0
-3.6242e-20
-3.6242e-20
0
-3.6242e-20
0
-3.6242e-20
0
-3.6242e-20
0
-3.6242e-20
-3.6242e-20
0
-3.6242e-20
-2.7558e-20
-3.6242e-20
0
-3.6242e-20
0
-3.6242e-20
-3.6242e-20
0
-3.6242e-20
0
-3.6242e-20
0
-3.6242e-20
0
-3.6242e-20
-3.6242e-20
0
-3.6242e-20
0
0
0
-3.6242e-20
0
0
0
0
-3.6242e-20
0
-3.6242e-20
0
-3.6242e-20
0
-3.6242e-20
-3.6242e-20
-2.7558e-20
-3.6242e-20
0
0
0
-3.6242e-20
0
-3.6242e-20
0
0
0
0
0
0
0
0
0
0
0
0
0
0
0
0
0
0
0
0
0
0
0
0
0
0
0
0
0
0
1.88739e-20
0
-1.88739e-20
0
1.88739e-20
0
0
0
0
0
0
0
0
0
0
0
1.88739e-20
0
-1.88739e-20
0
1.88739e-20
0
0
0
0
0
0
0
0
0
0
5.51159e-20
0
0
0
1.88739e-20
0
0
0
0
0
0
0
0
0
0
0
3.6242e-20
0
0
0
1.88739e-20
0
0
0
0
0
0
0
0
0
0
0
2.7558e-20
0
0
0
0
0
0
0
0
2.7558e-20
0
0
0
0
0
0
2.7558e-20
0
0
0
0
0
0
0
0
0
0
0
0
0
0
0
0
0
0
0
0
0
0
0
0
0
0
0
0
0
0
0
0
0
0
0
0
-3.6242e-20
0
0
0
0
0
0
0
0
0
0
0
2.7558e-20
-3.6242e-20
0
0
0
0
0
0
0
0
0
0
0
0
0
0
-2.7558e-20
0
0
0
0
0
2.7558e-20
0
-2.7558e-20
0
0
0
-3.6242e-20
0
0
7.2484e-20
-1.88739e-20
1.73681e-20
-1.88739e-20
7.2484e-20
-1.88739e-20
1.73681e-20
-1.88739e-20
1.73681e-20
7.2484e-20
-1.88739e-20
7.39899e-20
-1.88739e-20
7.2484e-20
-1.88739e-20
7.39899e-20
-1.88739e-20
7.2484e-20
1.73681e-20
2.7558e-20
0
2.7558e-20
0
2.7558e-20
0
2.7558e-20
0
3.6242e-20
1.88739e-20
-1.88739e-20
1.88739e-20
3.6242e-20
1.88739e-20
3.6242e-20
1.88739e-20
3.6242e-20
0
2.7558e-20
0
2.7558e-20
0
2.7558e-20
0
2.7558e-20
0
-1.88739e-20
1.88739e-20
0
0
0
1.88739e-20
0
0
0
0
1.88739e-20
0
1.88739e-20
0
1.88739e-20
0
1.88739e-20
0
0
0
0
1.88739e-20
0
1.88739e-20
0
1.88739e-20
0
0
1.88739e-20
0
1.88739e-20
0
1.88739e-20
0
-2.7558e-20
0
0
1.88739e-20
0
0
0
1.88739e-20
0
-2.7558e-20
0
0
1.88739e-20
0
0
0
-2.7558e-20
0
1.88739e-20
0
0
2.7558e-20
0
1.88739e-20
0
1.88739e-20
0
0
0
0
1.88739e-20
0
1.88739e-20
0
0
0
1.88739e-20
0
0
1.88739e-20
0
1.88739e-20
0
0
0
1.88739e-20
0
0
1.88739e-20
0
0
0
1.88739e-20
0
1.88739e-20
0
0
1.88739e-20
3.6242e-20
0
0
1.88739e-20
0
1.88739e-20
0
0
1.88739e-20
0
0
3.6242e-20
0
3.6242e-20
0
3.6242e-20
0
0
0
1.88739e-20
0
1.88739e-20
0
1.88739e-20
0
0
0
-3.6242e-20
1.88739e-20
0
1.88739e-20
-3.6242e-20
0
0
0
0
0
0
0
0
0
0
0
0
0
0
0
0
0
0
0
0
0
0
0
0
0
0
0
0
0
0
0
0
1.88739e-20
0
-1.88739e-20
0
1.88739e-20
0
0
0
0
0
0
0
0
0
0
0
1.88739e-20
0
-1.88739e-20
0
1.88739e-20
0
0
0
0
0
0
0
0
0
0
5.51159e-20
0
0
0
1.88739e-20
0
0
0
0
0
0
0
0
0
0
0
3.6242e-20
0
0
0
1.88739e-20
0
0
0
0
0
0
0
0
0
0
0
2.7558e-20
0
0
0
0
0
0
0
0
2.7558e-20
0
0
0
0
0
0
2.7558e-20
0
0
0
0
0
0
0
0
0
0
0
0
0
0
0
0
0
0
0
0
0
0
0
0
0
0
0
0
0
0
0
0
0
0
0
0
-3.6242e-20
0
0
0
0
0
0
0
0
0
0
0
2.7558e-20
-3.6242e-20
0
0
0
0
0
0
0
0
0
0
0
0
0
0
-2.7558e-20
0
0
0
0
0
0
0
0
0
0
0
0
0
0
0
0
0
0
0
0
0
0
0
0
0
0
0
0
0
0
0
0
0
0
0
1.88739e-20
0
-1.88739e-20
0
1.88739e-20
0
0
0
0
0
0
0
0
0
0
0
1.88739e-20
0
-1.88739e-20
0
1.88739e-20
0
0
0
0
0
0
0
0
0
0
5.51159e-20
0
0
0
1.88739e-20
0
0
0
0
0
0
0
0
0
0
0
3.6242e-20
0
0
0
1.88739e-20
0
0
0
0
0
0
0
0
0
0
0
2.7558e-20
0
0
0
0
0
0
0
0
2.7558e-20
0
0
0
0
0
0
2.7558e-20
0
0
0
0
0
0
0
0
0
0
0
0
0
0
0
0
0
0
0
0
0
0
0
0
0
0
0
0
0
0
0
0
0
0
0
0
-3.6242e-20
0
0
0
0
0
0
0
0
0
0
0
2.7558e-20
-3.6242e-20
0
0
0
0
0
0
0
0
0
0
0
0
0
0
-2.7558e-20
0
0
0
0
0
0
0
0
0
0
0
0
0
0
-3.6242e-20
-3.6242e-20
0
0
-3.6242e-20
-3.6242e-20
0
0
0
-3.6242e-20
0
-3.6242e-20
-3.6242e-20
-3.6242e-20
-3.6242e-20
-3.6242e-20
-3.6242e-20
-3.6242e-20
0
0
0
-4.64319e-20
0
2.7558e-20
0
-4.64319e-20
0
3.6242e-20
0
0
0
-1.88739e-20
0
3.6242e-20
0
3.6242e-20
0
-4.64319e-20
0
2.7558e-20
0
-4.64319e-20
0
0
0
0
0
0
0
0
0
0
0
0
0
0
0
0
0
0
2.7558e-20
0
0
0
0
0
0
0
0
0
0
0
0
0
0
0
2.7558e-20
0
0
0
0
0
0
0
1.88739e-20
0
0
0
-1.88739e-20
0
0
0
0
1.88739e-20
0
0
0
0
0
0
1.88739e-20
0
0
0
0
0
2.7558e-20
0
0
0
0
0
0
0
0
0
0
0
0
0
0
0
2.7558e-20
0
0
0
0
0
0
0
0
0
0
0
0
0
0
-3.6242e-20
2.7558e-20
0
0
0
0
0
0
0
0
2.7558e-20
0
0
-3.6242e-20
0
0
0
2.7558e-20
0
0
0
0
0
0
0
0
0
0
0
0
0
0
2.7558e-20
0
0
0
0
0
0
0
0
0
0
0
0
0
0
0
0
0
0
0
0
0
0
0
0
0
0
0
0
0
0
0
1.88739e-20
0
-1.88739e-20
0
1.88739e-20
0
0
0
0
0
0
0
0
0
0
0
1.88739e-20
0
-1.88739e-20
0
1.88739e-20
0
0
0
0
0
0
0
0
0
0
5.51159e-20
0
0
0
1.88739e-20
0
0
0
0
0
0
0
0
0
0
0
3.6242e-20
0
0
0
1.88739e-20
0
0
0
0
0
0
0
0
0
0
0
2.7558e-20
0
0
0
0
0
0
0
0
2.7558e-20
0
0
0
0
0
0
2.7558e-20
0
0
0
0
0
0
0
0
0
0
0
0
0
0
0
0
0
0
0
0
0
0
0
0
0
0
0
0
0
0
0
0
0
0
0
0
-3.6242e-20
0
0
0
0
0
0
0
0
0
0
0
2.7558e-20
-3.6242e-20
0
0
0
0
0
0
0
0
0
0
0
0
0
0
-2.7558e-20
0
0
0
0
0
0
0
0
0
0
0
0
0
0
0
0
0
0
0
0
0
0
0
0
0
3.6242e-20
0
0
0
3.6242e-20
0
0
0
0
0
0
0
0
0
0
0
0
0
2.7558e-20
0
0
0
0
0
0
0
0
0
0
0
0
0
0
0
2.7558e-20
0
0
0
0
0
0
4.64319e-20
0
0
0
0
0
0
0
0
0
0
0
0
0
0
0
0
0
0
0
0
0
0
0
0
0
0
0
0
0
0
0
0
0
0
0
0
0
0
0
0
0
0
0
0
0
0
0
0
0
0
0
0
0
1.88739e-20
0
0
0
0
0
0
-3.6242e-20
0
0
0
0
0
0
0
0
-1.73681e-20
0
0
0
0
0
0
-3.6242e-20
0
0
0
0
0
0
0
0
1.88739e-20
0
0
0
0
0
0
0
0
-1.73681e-20
-3.6242e-20
0
0
-3.6242e-20
-3.6242e-20
0
-1.73681e-20
0
0
0
0
0
0
0
0
0
0
0
0
3.6242e-20
0
-1.73681e-20
0
1.88739e-20
0
-5.51159e-20
0
0
0
0
0
1.88739e-20
2.7558e-20
0
2.7558e-20
0
2.7558e-20
0
0
0
0
0
0
0
0
0
0
0
0
0
0
3.6242e-20
0
0
0
3.6242e-20
0
0
0
1.88739e-20
0
-1.88739e-20
0
0
0
1.88739e-20
0
1.88739e-20
0
0
0
3.6242e-20
0
0
0
3.6242e-20
0
-1.88739e-20
0
0
0
0
0
0
1.88739e-20
0
0
0
0
0
0
0
0
0
0
0
0
0
0
0
1.88739e-20
0
0
0
0
0
0
0
0
0
0
0
0
0
0
0
-5.51159e-20
0
0
0
5.51159e-20
0
0
0
0
-5.51159e-20
0
0
0
0
0
0
-2.7558e-20
0
0
0
0
0
0
0
0
0
0
0
0
0
0
0
0
0
0
0
0
0
0
0
0
0
0
0
0
0
0
0
0
0
0
0
0
1.88739e-20
0
0
0
0
0
0
0
0
0
0
1.88739e-20
0
1.88739e-20
0
1.88739e-20
-1.88739e-20
0
0
0
0
0
0
0
0
0
0
-1.88739e-20
0
-1.88739e-20
0
-1.88739e-20
0
0
0
0
0
0
0
0
1.88739e-20
0
0
0
0
0
0
0
0
0
0
0
0
0
3.6242e-20
0
0
0
3.6242e-20
0
0
0
0
0
-1.88739e-20
0
0
0
-1.88739e-20
0
0
0
0
0
0
0
0
0
0
0
-1.88739e-20
0
0
0
-1.88739e-20
0
0
0
0
0
0
1.88739e-20
0
0
0
2.7558e-20
0
0
0
0
0
0
0
-1.88739e-20
0
0
0
1.88739e-20
0
0
0
-1.88739e-20
0
0
0
0
0
0
0
-1.88739e-20
0
2.7558e-20
0
0
0
3.6242e-20
0
-1.88739e-20
0
3.6242e-20
0
0
0
0
3.6242e-20
0
-1.88739e-20
0
0
0
3.6242e-20
0
0
-1.88739e-20
0
3.6242e-20
0
3.6242e-20
0
0
0
0
3.6242e-20
0
3.6242e-20
0
0
0
3.6242e-20
0
0
3.6242e-20
0
3.6242e-20
0
-3.6242e-20
0
3.6242e-20
0
0
3.6242e-20
0
0
0
3.6242e-20
0
3.6242e-20
0
0
3.6242e-20
0
0
0
3.6242e-20
0
3.6242e-20
0
0
3.6242e-20
0
-3.6242e-20
0
3.6242e-20
0
0
0
0
-3.6242e-20
0
3.6242e-20
0
3.6242e-20
0
3.6242e-20
0
0
3.6242e-20
0
0
0
-2.7558e-20
0
-3.6242e-20
0
0
0
0
0
0
0
0
0
0
-1.01899e-20
0
-1.01899e-20
0
-1.01899e-20
0
0
0
0
0
-3.6242e-20
0
0
0
-3.6242e-20
0
-3.6242e-20
0
0
-3.6242e-20
0
0
0
-3.6242e-20
0
0
0
-1.88739e-20
0
0
0
-1.88739e-20
0
-1.88739e-20
0
-1.88739e-20
0
0
0
-3.6242e-20
0
0
0
-3.6242e-20
0
0
0
0
0
0
0
0
1.73681e-20
0
0
0
-7.2484e-20
0
0
0
0
0
0
0
0
0
0
0
3.6242e-20
0
0
0
-7.2484e-20
0
0
0
0
0
1.73681e-20
-1.73681e-20
-2.7558e-20
-2.7558e-20
0
-2.7558e-20
0
-2.7558e-20
0
-2.7558e-20
-3.6242e-20
-2.7558e-20
-2.7558e-20
0
-2.7558e-20
0
-2.7558e-20
-1.73681e-20
-2.7558e-20
0
-2.7558e-20
-2.7558e-20
0
-2.7558e-20
0
-2.7558e-20
0
-2.7558e-20
0
-2.7558e-20
-2.7558e-20
0
-2.7558e-20
0
-2.7558e-20
2.7558e-20
-2.7558e-20
0
-2.7558e-20
-2.7558e-20
0
-2.7558e-20
0
-2.7558e-20
0
-2.7558e-20
0
-2.7558e-20
-2.7558e-20
0
-2.7558e-20
2.7558e-20
-2.7558e-20
0
-2.7558e-20
0
-2.7558e-20
-2.7558e-20
0
0
0
-2.7558e-20
0
-2.7558e-20
0
-2.7558e-20
-2.7558e-20
0
-2.7558e-20
0
0
1.01899e-20
0
1.01899e-20
0
-2.7558e-20
0
-2.7558e-20
0
-2.7558e-20
0
-2.7558e-20
0
-2.7558e-20
-2.7558e-20
2.7558e-20
-2.7558e-20
8.68404e-21
-2.7558e-20
-1.01899e-20
-2.7558e-20
0
-2.7558e-20
1.88739e-20
0
-5.51159e-20
0
0
0
0
0
1.88739e-20
2.7558e-20
0
2.7558e-20
0
2.7558e-20
0
0
0
0
0
0
0
0
0
0
0
0
0
0
3.6242e-20
0
0
0
3.6242e-20
0
0
0
1.88739e-20
0
-1.88739e-20
0
0
0
1.88739e-20
0
1.88739e-20
0
0
0
3.6242e-20
0
0
0
3.6242e-20
0
-1.88739e-20
0
0
0
0
0
0
1.88739e-20
0
0
0
0
0
0
0
0
0
0
0
0
0
0
0
1.88739e-20
0
0
0
0
0
0
0
0
0
0
0
0
0
0
0
-5.51159e-20
0
0
0
5.51159e-20
0
0
0
0
-5.51159e-20
0
0
0
0
0
0
-2.7558e-20
0
0
0
0
0
0
0
0
0
0
0
0
0
0
0
0
0
0
0
0
0
0
0
0
0
0
0
0
0
0
0
0
0
0
0
0
1.88739e-20
0
0
0
0
0
0
0
0
0
0
1.88739e-20
0
1.88739e-20
0
1.88739e-20
-1.88739e-20
0
0
0
0
0
0
0
0
0
0
-1.88739e-20
0
-1.88739e-20
0
-1.88739e-20
0
0
0
0
0
0
0
0
1.88739e-20
0
0
0
0
0
0
0
0
0
0
0
0
0
3.6242e-20
0
0
0
3.6242e-20
0
0
0
0
0
-1.88739e-20
0
0
0
-1.88739e-20
0
0
0
0
0
0
0
0
0
0
0
-1.88739e-20
0
0
0
-1.88739e-20
0
0
0
0
0
0
1.88739e-20
0
0
0
2.7558e-20
0
0
0
0
0
0
0
-1.88739e-20
0
0
0
1.88739e-20
0
0
0
-1.88739e-20
0
0
0
0
0
0
0
-1.88739e-20
0
2.7558e-20
0
0
0
3.6242e-20
0
-1.88739e-20
0
3.6242e-20
0
0
0
0
3.6242e-20
0
-1.88739e-20
0
0
0
3.6242e-20
0
0
-1.88739e-20
0
3.6242e-20
0
3.6242e-20
0
0
0
0
3.6242e-20
0
3.6242e-20
0
0
0
3.6242e-20
0
0
3.6242e-20
0
3.6242e-20
0
-3.6242e-20
0
3.6242e-20
0
0
3.6242e-20
0
0
0
3.6242e-20
0
3.6242e-20
0
0
3.6242e-20
0
0
0
3.6242e-20
0
3.6242e-20
0
0
3.6242e-20
0
-3.6242e-20
0
3.6242e-20
0
0
0
0
-3.6242e-20
0
3.6242e-20
0
3.6242e-20
0
3.6242e-20
0
0
3.6242e-20
0
0
0
-2.7558e-20
0
-3.6242e-20
0
1.88739e-20
0
-1.88739e-20
0
0
0
1.88739e-20
0
0
0
-2.7558e-20
0
-2.7558e-20
0
-2.7558e-20
3.6242e-20
-2.7558e-20
3.6242e-20
3.6242e-20
-2.7558e-20
0
-2.7558e-20
3.6242e-20
-2.7558e-20
0
-2.7558e-20
3.6242e-20
3.6242e-20
1.88739e-20
0
0
0
1.88739e-20
0
0
0
0
-3.6242e-20
0
-3.6242e-20
0
-3.6242e-20
0
-3.6242e-20
0
0
0
0
1.88739e-20
0
0
0
1.88739e-20
0
0
-3.6242e-20
0
-8.68404e-21
0
-3.6242e-20
0
0
0
0
-3.6242e-20
0
-3.6242e-20
0
-3.6242e-20
0
-3.6242e-20
0
0
-8.68404e-21
0
-3.6242e-20
0
2.7558e-20
0
-3.6242e-20
0
0
-3.6242e-20
0
-3.6242e-20
0
-3.6242e-20
1.88739e-20
1.88739e-20
0
0
3.6242e-20
0
0
0
3.6242e-20
0
1.88739e-20
0
0
3.6242e-20
0
0
0
1.88739e-20
0
3.6242e-20
0
0
-1.88739e-20
0
3.6242e-20
0
3.6242e-20
0
0
0
0
3.6242e-20
0
3.6242e-20
0
3.6242e-20
0
3.6242e-20
0
0
3.6242e-20
0
3.6242e-20
0
0
0
3.6242e-20
0
0
3.6242e-20
0
3.6242e-20
0
3.6242e-20
0
3.6242e-20
0
0
3.6242e-20
0
0
0
3.6242e-20
0
3.6242e-20
0
0
3.6242e-20
0
0
0
3.6242e-20
0
3.6242e-20
0
3.6242e-20
0
0
3.6242e-20
0
3.6242e-20
0
3.6242e-20
0
0
3.6242e-20
0
0
3.6242e-20
-2.7558e-20
0
0
0
0
0
3.6242e-20
0
0
0
0
0
-1.88739e-20
0
-3.6242e-20
0
-3.6242e-20
0
-3.6242e-20
0
-3.6242e-20
0
0
-1.88739e-20
0
-3.6242e-20
0
-1.88739e-20
0
-1.88739e-20
0
0
0
0
0
0
0
0
0
0
0
0
0
0
0
0
0
0
0
0
0
0
0
0
0
0
0
0
0
0
0
0
0
0
0
0
0
0
0
0
0
0
0
0
0
0
0
0
0
0
0
0
0
0
0
0
0
0
0
0
0
0
0
0
0
0
0
1.01899e-20
0
0
0
-1.01899e-20
0
0
0
0
1.01899e-20
0
0
0
0
0
0
0
0
0
0
0
0
0
0
0
0
0
0
0
0
0
0
0
0
0
0
0
0
0
0
0
0
0
0
0
0
0
0
0
0
0
0
0
0
0
0
0
0
0
0
0
0
0
0
0
0
0
0
0
0
0
0
0
0
0
0
0
0
0
0
0
0
0
0
0
0
0
0
-1.88739e-20
0
-1.88739e-20
-1.88739e-20
-1.88739e-20
2.7558e-20
-1.88739e-20
0
0
0
0
0
0
0
0
0
0
0
0
0
0
0
0
0
0
0
0
0
0
-1.88739e-20
0
0
0
-1.88739e-20
0
0
0
0
0
0
0
0
0
0
0
-1.88739e-20
0
0
0
-1.88739e-20
0
0
0
0
0
0
-2.7558e-20
0
0
0
-1.88739e-20
0
0
0
1.88739e-20
0
0
0
-1.88739e-20
0
0
0
-2.7558e-20
0
0
0
-1.88739e-20
0
0
0
1.88739e-20
0
0
0
-1.88739e-20
0
0
0
0
0
0
0
-1.88739e-20
0
0
0
0
0
0
0
0
-1.88739e-20
0
0
0
0
0
0
-1.88739e-20
0
0
0
0
0
-3.6242e-20
0
0
0
0
0
0
3.6242e-20
0
0
0
0
0
0
0
0
0
0
0
0
0
0
0
3.6242e-20
0
0
0
0
0
0
0
0
-3.6242e-20
0
0
0
0
0
0
0
0
0
0
6.38e-20
0
6.38e-20
0
0
0
0
0
0
0
0
0
0
0
0
0
-3.6242e-20
0
-6.38e-20
0
0
0
1.88739e-20
0
-1.88739e-20
0
0
0
1.88739e-20
0
0
0
-2.7558e-20
0
-2.7558e-20
0
-2.7558e-20
3.6242e-20
-2.7558e-20
3.6242e-20
3.6242e-20
-2.7558e-20
0
-2.7558e-20
3.6242e-20
-2.7558e-20
0
-2.7558e-20
3.6242e-20
3.6242e-20
1.88739e-20
0
0
0
1.88739e-20
0
0
0
0
-3.6242e-20
0
-3.6242e-20
0
-3.6242e-20
0
-3.6242e-20
0
0
0
0
1.88739e-20
0
0
0
1.88739e-20
0
0
-3.6242e-20
0
-8.68404e-21
0
-3.6242e-20
0
0
0
0
-3.6242e-20
0
-3.6242e-20
0
-3.6242e-20
0
-3.6242e-20
0
0
-8.68404e-21
0
-3.6242e-20
0
2.7558e-20
0
-3.6242e-20
0
0
-3.6242e-20
0
-3.6242e-20
0
-3.6242e-20
1.88739e-20
1.88739e-20
0
0
3.6242e-20
0
0
0
3.6242e-20
0
1.88739e-20
0
0
3.6242e-20
0
0
0
1.88739e-20
0
3.6242e-20
0
0
-1.88739e-20
0
3.6242e-20
0
3.6242e-20
0
0
0
0
3.6242e-20
0
3.6242e-20
0
3.6242e-20
0
3.6242e-20
0
0
3.6242e-20
0
3.6242e-20
0
0
0
3.6242e-20
0
0
3.6242e-20
0
3.6242e-20
0
3.6242e-20
0
3.6242e-20
0
0
3.6242e-20
0
0
0
3.6242e-20
0
3.6242e-20
0
0
3.6242e-20
0
0
0
3.6242e-20
0
3.6242e-20
0
3.6242e-20
0
0
3.6242e-20
0
3.6242e-20
0
3.6242e-20
0
0
3.6242e-20
0
0
3.6242e-20
-2.7558e-20
0
0
0
0
0
0
0
0
0
0
0
0
-2.7558e-20
-1.88739e-20
0
-1.88739e-20
-2.7558e-20
-1.88739e-20
0
-1.88739e-20
0
-2.7558e-20
-1.88739e-20
-2.7558e-20
-1.88739e-20
-2.7558e-20
-1.88739e-20
-2.7558e-20
-1.88739e-20
-2.7558e-20
0
0
-1.88739e-20
0
-1.88739e-20
0
-1.88739e-20
0
-1.88739e-20
-1.88739e-20
0
-1.88739e-20
0
-1.88739e-20
0
-1.88739e-20
0
-1.88739e-20
-1.88739e-20
0
-1.88739e-20
0
-1.88739e-20
0
-1.88739e-20
0
-1.88739e-20
-1.88739e-20
0
-1.88739e-20
-2.7558e-20
-1.88739e-20
0
-1.88739e-20
-1.88739e-20
-1.88739e-20
-1.88739e-20
0
-4.49261e-20
0
-1.88739e-20
0
0
0
-1.88739e-20
-1.88739e-20
-2.7558e-20
-1.88739e-20
0
-1.88739e-20
-1.88739e-20
-1.88739e-20
0
-1.88739e-20
-4.49261e-20
0
-1.88739e-20
0
0
0
3.6242e-20
-1.88739e-20
-1.88739e-20
-1.88739e-20
0
-1.88739e-20
3.6242e-20
-1.88739e-20
0
-1.88739e-20
-5.51159e-20
-1.88739e-20
-1.88739e-20
0
-1.88739e-20
3.6242e-20
-1.88739e-20
-1.88739e-20
-1.88739e-20
0
-1.88739e-20
-1.88739e-20
3.6242e-20
-1.88739e-20
0
-1.88739e-20
0
-1.88739e-20
0
-1.88739e-20
-1.88739e-20
0
-1.88739e-20
0
-1.88739e-20
0
-1.88739e-20
0
-1.88739e-20
-1.88739e-20
0
-1.88739e-20
0
-1.88739e-20
-3.6242e-20
-1.88739e-20
0
-1.88739e-20
-1.88739e-20
0
-1.88739e-20
0
-1.88739e-20
0
-1.88739e-20
0
-1.88739e-20
-1.88739e-20
0
-5.51159e-20
0
-1.88739e-20
0
-1.88739e-20
0
-1.88739e-20
-1.88739e-20
0
-1.88739e-20
-3.6242e-20
-1.88739e-20
0
-5.51159e-20
0
-1.88739e-20
4.64319e-20
-3.6242e-20
-1.88739e-20
0
-1.88739e-20
0
-1.88739e-20
0
-1.88739e-20
-1.88739e-20
3.6242e-20
4.64319e-20
0
4.64319e-20
0
4.64319e-20
-3.6242e-20
-1.88739e-20
0
0
0
0
0
0
0
0
0
0
0
0
0
0
0
0
0
0
0
0
0
0
0
0
0
0
0
0
0
0
0
0
0
0
0
0
0
0
0
0
0
0
0
0
0
0
0
0
0
0
0
0
0
0
0
0
0
1.88739e-20
0
0
0
1.01899e-20
0
0
0
0
0
0
0
-1.88739e-20
0
0
0
1.88739e-20
0
0
0
0
0
0
0
0
0
0
0
-1.88739e-20
0
0
2.7558e-20
0
0
0
0
1.88739e-20
0
0
0
8.68404e-21
0
0
0
0
1.88739e-20
0
2.7558e-20
0
0
0
0
0
0
0
0
0
0
0
0
0
0
0
0
0
-3.6242e-20
0
0
0
0
0
0
0
0
0
0
0
0
0
0
0
-3.6242e-20
0
0
0
0
0
0
0
-3.6242e-20
0
0
0
0
0
0
0
0
0
0
0
0
-3.6242e-20
0
0
0
0
0
0
0
0
0
0
0
0
-3.6242e-20
0
0
0
0
0
0
0
1.88739e-20
0
-1.88739e-20
0
0
0
1.88739e-20
0
0
0
-2.7558e-20
0
-2.7558e-20
0
-2.7558e-20
3.6242e-20
-2.7558e-20
3.6242e-20
3.6242e-20
-2.7558e-20
0
-2.7558e-20
3.6242e-20
-2.7558e-20
0
-2.7558e-20
3.6242e-20
3.6242e-20
1.88739e-20
0
0
0
1.88739e-20
0
0
0
0
-3.6242e-20
0
-3.6242e-20
0
-3.6242e-20
0
-3.6242e-20
0
0
0
0
1.88739e-20
0
0
0
1.88739e-20
0
0
-3.6242e-20
0
-8.68404e-21
0
-3.6242e-20
0
0
0
0
-3.6242e-20
0
-3.6242e-20
0
-3.6242e-20
0
-3.6242e-20
0
0
-8.68404e-21
0
-3.6242e-20
0
2.7558e-20
0
-3.6242e-20
0
0
-3.6242e-20
0
-3.6242e-20
0
-3.6242e-20
1.88739e-20
1.88739e-20
0
0
3.6242e-20
0
0
0
3.6242e-20
0
1.88739e-20
0
0
3.6242e-20
0
0
0
1.88739e-20
0
3.6242e-20
0
0
-1.88739e-20
0
3.6242e-20
0
3.6242e-20
0
0
0
0
3.6242e-20
0
3.6242e-20
0
3.6242e-20
0
3.6242e-20
0
0
3.6242e-20
0
3.6242e-20
0
0
0
3.6242e-20
0
0
3.6242e-20
0
3.6242e-20
0
3.6242e-20
0
3.6242e-20
0
0
3.6242e-20
0
0
0
3.6242e-20
0
3.6242e-20
0
0
3.6242e-20
0
0
0
3.6242e-20
0
3.6242e-20
0
3.6242e-20
0
0
3.6242e-20
0
3.6242e-20
0
3.6242e-20
0
0
3.6242e-20
0
0
3.6242e-20
-2.7558e-20
0
0
0
0
0
0
0
0
0
0
0
0
-2.7558e-20
-1.88739e-20
0
-1.88739e-20
-2.7558e-20
-1.88739e-20
0
-1.88739e-20
0
-2.7558e-20
-1.88739e-20
-2.7558e-20
-1.88739e-20
-2.7558e-20
-1.88739e-20
-2.7558e-20
-1.88739e-20
-2.7558e-20
0
0
-1.88739e-20
0
-1.88739e-20
0
-1.88739e-20
0
-1.88739e-20
-1.88739e-20
0
-1.88739e-20
0
-1.88739e-20
0
-1.88739e-20
0
-1.88739e-20
-1.88739e-20
0
-1.88739e-20
0
-1.88739e-20
0
-1.88739e-20
0
-1.88739e-20
-1.88739e-20
0
-1.88739e-20
-2.7558e-20
-1.88739e-20
0
-1.88739e-20
-1.88739e-20
-1.88739e-20
-1.88739e-20
0
-4.49261e-20
0
-1.88739e-20
0
0
0
-1.88739e-20
-1.88739e-20
-2.7558e-20
-1.88739e-20
0
-1.88739e-20
-1.88739e-20
-1.88739e-20
0
-1.88739e-20
-4.49261e-20
0
-1.88739e-20
0
0
0
3.6242e-20
-1.88739e-20
-1.88739e-20
-1.88739e-20
0
-1.88739e-20
3.6242e-20
-1.88739e-20
0
-1.88739e-20
-5.51159e-20
-1.88739e-20
-1.88739e-20
0
-1.88739e-20
3.6242e-20
-1.88739e-20
-1.88739e-20
-1.88739e-20
0
-1.88739e-20
-1.88739e-20
3.6242e-20
-1.88739e-20
0
-1.88739e-20
0
-1.88739e-20
0
-1.88739e-20
-1.88739e-20
0
-1.88739e-20
0
-1.88739e-20
0
-1.88739e-20
0
-1.88739e-20
-1.88739e-20
0
-1.88739e-20
0
-1.88739e-20
-3.6242e-20
-1.88739e-20
0
-1.88739e-20
-1.88739e-20
0
-1.88739e-20
0
-1.88739e-20
0
-1.88739e-20
0
-1.88739e-20
-1.88739e-20
0
-5.51159e-20
0
-1.88739e-20
0
-1.88739e-20
0
-1.88739e-20
-1.88739e-20
0
-1.88739e-20
-3.6242e-20
-1.88739e-20
0
-5.51159e-20
0
-1.88739e-20
4.64319e-20
-3.6242e-20
-1.88739e-20
0
-1.88739e-20
0
-1.88739e-20
0
-1.88739e-20
-1.88739e-20
3.6242e-20
4.64319e-20
0
4.64319e-20
0
4.64319e-20
-3.6242e-20
-1.88739e-20
1.88739e-20
0
-1.88739e-20
0
0
0
1.88739e-20
0
0
0
-2.7558e-20
0
-2.7558e-20
0
-2.7558e-20
3.6242e-20
-2.7558e-20
3.6242e-20
3.6242e-20
-2.7558e-20
0
-2.7558e-20
3.6242e-20
-2.7558e-20
0
-2.7558e-20
3.6242e-20
3.6242e-20
1.88739e-20
0
0
0
1.88739e-20
0
0
0
0
-3.6242e-20
0
-3.6242e-20
0
-3.6242e-20
0
-3.6242e-20
0
0
0
0
1.88739e-20
0
0
0
1.88739e-20
0
0
-3.6242e-20
0
-8.68404e-21
0
-3.6242e-20
0
0
0
0
-3.6242e-20
0
-3.6242e-20
0
-3.6242e-20
0
-3.6242e-20
0
0
-8.68404e-21
0
-3.6242e-20
0
2.7558e-20
0
-3.6242e-20
0
0
-3.6242e-20
0
-3.6242e-20
0
-3.6242e-20
1.88739e-20
1.88739e-20
0
0
3.6242e-20
0
0
0
3.6242e-20
0
1.88739e-20
0
0
3.6242e-20
0
0
0
1.88739e-20
0
3.6242e-20
0
0
-1.88739e-20
0
3.6242e-20
0
3.6242e-20
0
0
0
0
3.6242e-20
0
3.6242e-20
0
3.6242e-20
0
3.6242e-20
0
0
3.6242e-20
0
3.6242e-20
0
0
0
3.6242e-20
0
0
3.6242e-20
0
3.6242e-20
0
3.6242e-20
0
3.6242e-20
0
0
3.6242e-20
0
0
0
3.6242e-20
0
3.6242e-20
0
0
3.6242e-20
0
0
0
3.6242e-20
0
3.6242e-20
0
3.6242e-20
0
0
3.6242e-20
0
3.6242e-20
0
3.6242e-20
0
0
3.6242e-20
0
0
3.6242e-20
-2.7558e-20
0
0
0
3.6242e-20
0
0
0
3.6242e-20
0
0
0
3.6242e-20
0
0
0
0
0
0
-1.88739e-20
0
-1.88739e-20
-1.88739e-20
0
-1.88739e-20
0
-1.88739e-20
0
-1.88739e-20
0
-1.88739e-20
-1.88739e-20
-1.73681e-20
3.6242e-20
-1.73681e-20
3.6242e-20
1.88739e-20
3.6242e-20
-1.73681e-20
3.6242e-20
0
0
0
0
0
0
0
0
0
3.6242e-20
-1.73681e-20
3.6242e-20
1.88739e-20
3.6242e-20
-1.73681e-20
3.6242e-20
-1.73681e-20
3.6242e-20
0
0
3.6242e-20
0
3.6242e-20
0
3.6242e-20
-8.68404e-21
3.6242e-20
3.6242e-20
0
1.88739e-20
0
3.6242e-20
0
-1.88739e-20
0
3.6242e-20
3.6242e-20
0
3.6242e-20
0
3.6242e-20
-8.68404e-21
3.6242e-20
0
3.6242e-20
1.88739e-20
0
3.6242e-20
0
-1.88739e-20
0
0
0
1.88739e-20
1.88739e-20
0
1.88739e-20
-8.68404e-21
1.88739e-20
0
1.88739e-20
0
1.88739e-20
1.88739e-20
0
1.88739e-20
-8.68404e-21
1.88739e-20
0
1.88739e-20
0
1.88739e-20
1.88739e-20
-8.68404e-21
1.88739e-20
0
1.88739e-20
0
1.88739e-20
0
1.88739e-20
1.88739e-20
0
1.88739e-20
0
1.88739e-20
-3.6242e-20
1.88739e-20
0
1.88739e-20
1.88739e-20
0
1.88739e-20
0
1.88739e-20
0
1.88739e-20
0
1.88739e-20
1.88739e-20
0
1.88739e-20
-3.6242e-20
1.88739e-20
0
1.88739e-20
0
1.88739e-20
1.88739e-20
0
-1.73681e-20
0
1.88739e-20
0
1.88739e-20
0
1.88739e-20
1.88739e-20
0
1.88739e-20
0
1.88739e-20
-1.88739e-20
-1.73681e-20
-1.88739e-20
1.88739e-20
1.88739e-20
0
1.88739e-20
0
1.88739e-20
0
1.88739e-20
0
1.88739e-20
1.88739e-20
-3.6242e-20
1.88739e-20
0
1.88739e-20
0
1.88739e-20
0
1.88739e-20
0
0
0
0
0
0
0
0
0
-2.7558e-20
-1.88739e-20
0
-1.88739e-20
-2.7558e-20
-1.88739e-20
0
-1.88739e-20
0
-2.7558e-20
-1.88739e-20
-2.7558e-20
-1.88739e-20
-2.7558e-20
-1.88739e-20
-2.7558e-20
-1.88739e-20
-2.7558e-20
0
0
-1.88739e-20
0
-1.88739e-20
0
-1.88739e-20
0
-1.88739e-20
-1.88739e-20
0
-1.88739e-20
0
-1.88739e-20
0
-1.88739e-20
0
-1.88739e-20
-1.88739e-20
0
-1.88739e-20
0
-1.88739e-20
0
-1.88739e-20
0
-1.88739e-20
-1.88739e-20
0
-1.88739e-20
-2.7558e-20
-1.88739e-20
0
-1.88739e-20
-1.88739e-20
-1.88739e-20
-1.88739e-20
0
-4.49261e-20
0
-1.88739e-20
0
0
0
-1.88739e-20
-1.88739e-20
-2.7558e-20
-1.88739e-20
0
-1.88739e-20
-1.88739e-20
-1.88739e-20
0
-1.88739e-20
-4.49261e-20
0
-1.88739e-20
0
0
0
3.6242e-20
-1.88739e-20
-1.88739e-20
-1.88739e-20
0
-1.88739e-20
3.6242e-20
-1.88739e-20
0
-1.88739e-20
-5.51159e-20
-1.88739e-20
-1.88739e-20
0
-1.88739e-20
3.6242e-20
-1.88739e-20
-1.88739e-20
-1.88739e-20
0
-1.88739e-20
-1.88739e-20
3.6242e-20
-1.88739e-20
0
-1.88739e-20
0
-1.88739e-20
0
-1.88739e-20
-1.88739e-20
0
-1.88739e-20
0
-1.88739e-20
0
-1.88739e-20
0
-1.88739e-20
-1.88739e-20
0
-1.88739e-20
0
-1.88739e-20
-3.6242e-20
-1.88739e-20
0
-1.88739e-20
-1.88739e-20
0
-1.88739e-20
0
-1.88739e-20
0
-1.88739e-20
0
-1.88739e-20
-1.88739e-20
0
-5.51159e-20
0
-1.88739e-20
0
-1.88739e-20
0
-1.88739e-20
-1.88739e-20
0
-1.88739e-20
-3.6242e-20
-1.88739e-20
0
-5.51159e-20
0
-1.88739e-20
4.64319e-20
-3.6242e-20
-1.88739e-20
0
-1.88739e-20
0
-1.88739e-20
0
-1.88739e-20
-1.88739e-20
3.6242e-20
4.64319e-20
0
4.64319e-20
0
4.64319e-20
-3.6242e-20
-1.88739e-20
0
-1.88739e-20
0
-1.88739e-20
-1.88739e-20
-1.88739e-20
2.7558e-20
-1.88739e-20
0
0
0
0
0
0
0
0
0
0
0
0
0
0
0
0
0
0
0
0
0
0
-1.88739e-20
0
0
0
-1.88739e-20
0
0
0
0
0
0
0
0
0
0
0
-1.88739e-20
0
0
0
-1.88739e-20
0
0
0
0
0
0
-2.7558e-20
0
0
0
-1.88739e-20
0
0
0
1.88739e-20
0
0
0
-1.88739e-20
0
0
0
-2.7558e-20
0
0
0
-1.88739e-20
0
0
0
1.88739e-20
0
0
0
-1.88739e-20
0
0
0
0
0
0
0
-1.88739e-20
0
0
0
0
0
0
0
0
-1.88739e-20
0
0
0
0
0
0
-1.88739e-20
0
0
0
0
0
-3.6242e-20
0
0
0
0
0
0
3.6242e-20
0
0
0
0
0
0
0
0
0
0
0
0
0
0
0
3.6242e-20
0
0
0
0
0
0
0
0
-3.6242e-20
0
0
0
0
0
0
0
0
0
0
6.38e-20
0
6.38e-20
0
0
0
0
0
0
0
0
0
0
0
0
0
-3.6242e-20
0
-6.38e-20
0
0
0
0
1.70455e-20
1.7313e-20
-1.68457e-20
1.6399e-20
0
-3.03731e-20
-1.51766e-20
0
-2.81532e-20
-5.4971e-20
2.68529e-20
1.27485e-20
0
0
-2.39072e-20
0
0
0
-1.18944e-20
2.27077e-20
0
-5.50734e-20
1.13715e-20
0
0
0
0
3.36882e-20
1.71519e-20
0
0
4.47689e-20
0
0
0
-4.06534e-20
-3.97564e-20
-1.24665e-20
-3.81163e-20
1.19536e-20
1.32349e-20
1.15089e-20
-2.2625e-20
-3.49149e-20
2.34607e-20
0
0
0
-2.25758e-20
-1.75559e-20
0
0
0
-1.71519e-20
0
7.4041e-21
0
2.96095e-20
2.89061e-20
-1.3364e-20
0
3.97564e-20
-6.53551e-20
0
-2.54191e-20
3.66803e-20
0
0
0
0
-1.08317e-20
-5.65793e-20
2.27331e-20
0
0
-2.55683e-20
1.80659e-20
0
0
0
5.48479e-20
0
0
-2.89061e-20
-1.3364e-20
-6.82593e-20
0
1.24665e-20
0
1.19536e-20
1.32349e-20
0
0
0
1.09733e-20
0
4.43543e-20
1.21244e-20
0
0
0
-2.63444e-20
3.36882e-20
3.27945e-20
-3.19408e-20
-3.1126e-20
5.19787e-20
0
2.89061e-20
-5.64769e-20
0
1.27485e-20
0
0
-2.39072e-20
0
0
0
0
1.09733e-20
-5.71877e-20
0
-3.33418e-20
0
1.90645e-20
0
0
3.36882e-20
-2.49732e-20
0
-3.85301e-20
5.19787e-20
0
0
-1.48745e-20
-1.30476e-20
1.27485e-20
2.64443e-20
0
3.73727e-20
1.32349e-20
1.15089e-20
1.13125e-20
0
3.4434e-20
3.40097e-20
0
0
-5.56814e-20
0
-4.41227e-20
-1.80659e-20
1.75986e-20
1.71519e-20
2.4333e-20
3.1126e-20
4.47689e-20
0
1.52082e-20
1.48745e-20
1.45583e-20
-1.42595e-20
-3.73995e-20
0
3.73727e-20
2.49576e-20
-6.05698e-20
0
0
-2.34607e-20
0
0
0
-3.31055e-20
0
2.55683e-20
0
0
0
2.28235e-20
-3.1126e-20
0
-2.96095e-20
0
0
0
0
-1.24665e-20
-3.96279e-20
0
0
0
2.2625e-20
0
-1.24873e-20
7.88511e-20
2.29347e-20
0
0
0
0
0
0
4.21251e-20
0
-3.1126e-20
1.59295e-20
0
4.26041e-20
0
0
0
-2.64443e-20
-3.81163e-20
-2.54191e-20
1.32349e-20
-1.15089e-20
0
0
0
2.3178e-20
0
-3.33418e-20
1.05297e-20
6.44629e-20
0
1.80659e-20
-1.75986e-20
-1.71519e-20
0
-7.4041e-21
-4.47689e-20
-2.96095e-20
-2.89061e-20
0
0
0
0
-2.59147e-20
0
0
3.60393e-20
0
0
0
0
-3.36445e-20
1.21244e-20
-4.36352e-20
1.90645e-20
0
0
0
-3.27945e-20
0
-1.63178e-20
-3.03492e-20
5.21941e-20
-1.52082e-20
-1.48745e-20
-2.60951e-20
-3.97564e-20
2.64443e-20
1.37131e-20
0
0
2.45304e-20
0
0
3.4434e-20
0
0
3.33418e-20
-2.25758e-20
0
1.00316e-20
-2.63444e-20
2.56434e-20
0
2.28235e-20
0
-3.03492e-20
0
0
-4.16024e-20
0
3.97564e-20
0
0
0
1.17227e-20
0
0
0
0
2.3178e-20
0
4.39504e-20
0
3.66204e-20
4.41227e-20
-3.46229e-20
2.56434e-20
0
0
0
1.59295e-20
0
2.89061e-20
4.16024e-20
-1.30476e-20
2.70079e-20
0
0
0
1.32349e-20
-3.60393e-20
1.13125e-20
0
2.34607e-20
2.3178e-20
1.22249e-20
4.39504e-20
-3.31055e-20
3.66204e-20
0
-6.09673e-20
-3.36882e-20
0
3.19408e-20
0
3.03492e-20
3.66343e-20
0
1.48745e-20
0
3.97564e-20
1.24665e-20
0
3.73727e-20
0
0
0
-1.11338e-20
-2.34607e-20
6.80194e-20
-2.29347e-20
-2.12173e-20
-5.56814e-20
3.66204e-20
-4.41227e-20
-1.80659e-20
0
4.06158e-20
0
0
4.47689e-20
2.96095e-20
0
0
2.76059e-20
-1.51099e-21
0
2.59147e-20
3.73727e-20
4.8403e-20
0
0
-3.49149e-20
3.4434e-20
2.3178e-20
-2.29347e-20
-2.27331e-20
0
0
-3.55999e-20
-3.46229e-20
1.75986e-20
-1.71519e-20
0
2.37219e-20
0
7.02486e-21
-2.89061e-20
-1.48745e-20
4.06534e-20
0
-2.4933e-20
-1.22016e-20
0
2.49576e-20
0
-3.54505e-20
0
3.4434e-20
0
-3.36445e-20
0
0
1.90645e-20
2.55683e-20
0
0
0
0
0
3.03492e-20
7.02486e-21
0
0
2.76059e-20
0
1.39778e-20
0
0
0
0
0
0
0
2.3178e-20
1.07098e-20
0
0
0
0
0
1.75986e-20
-2.49732e-20
2.28235e-20
-3.1126e-20
2.31393e-20
0
0
0
0
5.40159e-20
0
-1.37131e-20
0
0
0
-1.13125e-20
0
0
-1.08317e-20
3.36445e-20
0
-1.05297e-20
1.02866e-20
0
0
0
3.27945e-20
-3.19408e-20
0
3.03492e-20
1.55597e-20
2.89061e-20
0
2.60951e-20
-1.42595e-20
0
-2.59147e-20
0
0
6.05698e-20
0
0
1.09733e-20
-1.08317e-20
1.22249e-20
0
0
-8.77793e-21
0
0
1.75986e-20
4.99464e-20
2.4333e-20
0
0
-2.96095e-20
0
0
0
2.70079e-20
-2.64443e-20
0
3.73727e-20
-6.16379e-20
0
0
0
0
1.23463e-20
1.07098e-20
0
0
5.41763e-20
0
3.46229e-20
0
0
-1.52157e-20
0
0
0
2.89061e-20
0
0
0
-2.64443e-20
0
-3.73727e-20
0
2.45304e-20
0
0
-2.34607e-20
-2.3178e-20
3.36445e-20
-2.27331e-20
0
-3.81291e-20
-2.55683e-20
-2.63444e-20
0
1.71519e-20
0
0
2.31393e-20
-2.96095e-20
0
-2.82384e-20
0
-5.25049e-20
-6.53551e-20
0
2.39072e-20
0
0
0
0
-1.24873e-20
-2.3178e-20
-1.07098e-20
-2.27331e-20
-3.31055e-20
0
2.70771e-20
0
2.56434e-20
-3.27945e-20
-7.60784e-21
-3.1126e-20
-7.20984e-21
1.55597e-20
0
2.82384e-20
0
0
0
0
0
0
-2.45304e-20
1.28256e-20
1.11338e-20
0
0
0
0
0
0
0
0
0
4.84371e-20
0
1.48082e-20
0
-2.25846e-20
0
-4.16024e-20
0
2.70079e-20
0
7.62326e-20
1.19536e-20
0
-3.60393e-20
-3.54505e-20
0
0
0
-1.07098e-20
0
-2.25758e-20
6.59716e-20
0
0
0
0
0
0
0
-3.66343e-20
4.41143e-20
0
0
0
2.64443e-20
3.81163e-20
0
-2.49576e-20
3.60393e-20
3.54505e-20
2.37811e-20
-3.4434e-20
-2.3178e-20
0
0
0
3.66204e-20
0
0
0
1.71519e-20
3.19408e-20
5.48479e-20
3.03492e-20
0
-1.52082e-20
-2.82384e-20
2.76059e-20
-2.70079e-20
0
0
-2.54191e-20
-1.17227e-20
0
0
0
0
2.3178e-20
0
6.66835e-20
0
0
0
1.6557e-20
-3.36882e-20
2.49732e-20
2.4333e-20
0
4.47689e-20
-2.96095e-20
0
0
-2.76059e-20
-2.70079e-20
2.64443e-20
0
0
0
-2.45304e-20
7.09011e-20
3.49149e-20
3.4434e-20
0
0
-3.33418e-20
0
0
-3.93878e-20
2.91039e-20
0
-3.62707e-20
3.53221e-20
0
2.55426e-20
0
0
4.60571e-20
-1.44973e-20
1.5676e-20
4.30663e-20
-1.35573e-20
0
-1.30252e-20
-2.7088e-20
1.25694e-20
2.62553e-20
0
-2.5585e-20
2.53147e-20
0
1.32161e-20
0
2.99181e-20
0
0
0
0
0
1.75317e-20
1.56108e-20
1.67302e-20
-2.37838e-20
-3.05053e-20
0
-2.92146e-20
0
0
0
1.43003e-20
-1.40825e-20
0
-2.58992e-20
3.91348e-20
0
-3.6878e-20
2.49158e-20
2.10152e-20
0
0
2.8325e-20
0
8.45316e-21
0
-4.15645e-20
0
5.62902e-20
-3.12082e-20
0
-3.84344e-20
0
2.86262e-20
0
-2.75627e-20
-1.43003e-20
0
0
-2.58992e-20
0
-1.34149e-20
0
6.15312e-20
-9.75326e-21
0
0
1.93864e-20
4.64703e-20
1.84158e-20
0
-4.15645e-20
-1.56108e-20
0
0
0
0
1.38517e-20
1.35573e-20
0
0
0
0
-2.62553e-20
0
0
0
0
0
0
2.04483e-20
0
0
0
-1.84158e-20
9.73639e-21
0
-2.49262e-20
0
0
0
2.27584e-20
0
-1.50689e-20
0
2.75627e-20
0
-1.40825e-20
-2.62553e-20
-1.37066e-20
0
0
2.50906e-20
0
0
0
0
1.93864e-20
0
0
-3.44167e-20
2.55426e-20
-2.49262e-20
2.43401e-20
3.12082e-20
-3.05053e-20
-1.4165e-20
0
-5.72523e-20
2.80755e-20
5.51253e-20
0
0
-2.62553e-20
2.58992e-20
0
2.53147e-20
0
0
-9.75326e-21
0
0
-1.93864e-20
0
-2.68689e-20
0
0
0
0
0
0
-2.27584e-20
4.30663e-20
-1.50689e-20
0
0
0
0
0
-6.3991e-20
2.5585e-20
0
3.6878e-20
0
0
2.99181e-20
9.19832e-21
0
3.62707e-20
0
0
0
0
0
0
0
0
0
0
0
4.21001e-20
0
-2.66519e-20
1.38844e-20
0
0
0
2.50906e-20
2.49158e-20
-9.75326e-21
-9.46975e-21
-2.91039e-20
0
0
-2.68689e-20
0
0
-1.56108e-20
1.67302e-20
0
7.24865e-21
0
0
2.86262e-20
0
-5.36131e-20
0
-3.92214e-20
-3.86262e-20
0
0
-2.53147e-20
0
0
-9.75326e-21
0
0
0
-2.75803e-20
0
-3.44167e-20
0
-1.71208e-20
-1.67302e-20
7.42443e-21
2.32567e-20
0
1.53629e-20
0
0
0
-3.98756e-20
4.07344e-20
4.01397e-20
1.21926e-20
0
-1.18998e-20
-3.6878e-20
0
0
0
-2.91039e-20
0
0
-5.37378e-20
0
1.75317e-20
0
1.52199e-20
0
0
0
4.30663e-20
2.86262e-20
-1.47937e-20
0
1.43003e-20
2.66519e-20
0
1.37066e-20
-1.20352e-20
-3.72145e-20
0
0
0
0
0
-1.93864e-20
0
1.84158e-20
6.06066e-20
-1.75317e-20
-1.56108e-20
0
0
0
7.08248e-21
1.53629e-20
0
0
4.21001e-20
0
-2.66519e-20
0
-2.58992e-20
0
-3.72145e-20
1.17874e-20
-1.16997e-20
-4.05217e-20
-3.93878e-20
3.83023e-20
0
-4.64703e-20
0
0
-1.75317e-20
0
0
0
0
0
0
0
0
1.45375e-20
0
0
0
1.21926e-20
0
-2.53147e-20
0
3.66154e-20
-3.07685e-20
0
0
0
0
1.84158e-20
0
0
-1.71208e-20
0
2.37838e-20
1.6008e-20
4.40059e-20
4.30663e-20
0
0
1.45375e-20
0
0
0
1.21926e-20
-2.5585e-20
3.72145e-20
0
0
-4.05217e-20
0
-3.83023e-20
1.93864e-20
0
5.22284e-20
0
0
-1.71208e-20
0
-1.48489e-20
2.32567e-20
1.5676e-20
0
2.86262e-20
4.13573e-20
1.45375e-20
2.7088e-20
1.40825e-20
0
-2.58992e-20
-1.20352e-20
0
0
0
6.15369e-20
0
0
0
3.62707e-20
0
3.44167e-20
-2.55426e-20
3.27316e-20
-3.19501e-20
0
-1.44973e-20
0
0
2.86262e-20
0
-1.30252e-20
1.27877e-20
-1.25694e-20
2.62553e-20
-1.37066e-20
0
0
0
0
-3.07685e-20
0
-9.19832e-21
2.8325e-20
2.75803e-20
3.53221e-20
0
0
0
-3.19501e-20
0
0
0
0
0
-2.80755e-20
2.75627e-20
1.43003e-20
2.66519e-20
2.62553e-20
3.80918e-20
6.47198e-20
2.53147e-20
-5.01812e-20
2.49158e-20
0
-3.93878e-20
2.91039e-20
0
-3.62707e-20
0
2.61899e-20
0
-1.71208e-20
-3.19501e-20
4.60571e-20
2.32567e-20
0
0
4.21835e-20
0
-1.30252e-20
1.27877e-20
2.66519e-20
1.23709e-20
2.58992e-20
-2.5585e-20
3.72145e-20
2.50906e-20
0
0
0
9.19832e-21
-1.93864e-20
0
0
3.44167e-20
0
1.71208e-20
2.43401e-20
1.48489e-20
3.05053e-20
-2.98409e-20
0
0
0
2.75627e-20
6.69636e-20
-3.92214e-20
-2.62553e-20
-1.37066e-20
0
-2.53147e-20
0
-3.66154e-20
9.75326e-21
-5.98361e-20
0
2.8325e-20
0
5.22284e-20
0
0
-1.71208e-20
0
-3.12082e-20
-6.10106e-20
0
2.92146e-20
1.35573e-20
-2.80755e-20
2.75627e-20
0
0
0
-3.80918e-20
-4.96555e-20
0
-1.17874e-20
0
0
0
-9.19832e-21
-1.93864e-20
0
0
0
0
0
1.67302e-20
3.12082e-20
3.05053e-20
0
0
-1.35573e-20
0
0
0
0
0
0
0
-2.53147e-20
0
0
0
-2.99181e-20
0
0
0
0
-1.64535e-20
0
-1.71208e-20
3.19501e-20
-4.60571e-20
4.65133e-20
-2.98409e-20
0
0
-4.13573e-20
0
-1.27877e-20
0
0
-1.37066e-20
0
3.72145e-20
6.19686e-20
0
-3.07685e-20
-2.99181e-20
-1.99056e-20
-1.93864e-20
3.62707e-20
0
3.44167e-20
0
0
3.19501e-20
3.12082e-20
0
0
0
0
0
-1.30252e-20
0
-2.66519e-20
2.62553e-20
0
-2.5585e-20
1.18998e-20
1.17874e-20
0
-3.07685e-20
-2.04483e-20
-2.91039e-20
1.93864e-20
0
0
0
0
0
0
0
0
0
0
0
0
5.51253e-20
0
0
0
-2.58992e-20
-3.76203e-20
0
-3.6878e-20
0
0
9.46975e-21
0
0
0
0
1.79632e-20
0
1.71208e-20
1.67302e-20
0
-2.32567e-20
0
0
1.35573e-20
0
0
2.7088e-20
0
0
0
2.5585e-20
-2.53147e-20
3.6878e-20
0
-3.07685e-20
0
-2.91039e-20
-1.93864e-20
-3.62707e-20
0
0
0
2.49262e-20
2.43401e-20
-4.60571e-20
3.05053e-20
2.27584e-20
0
0
0
5.51253e-20
0
0
0
0
6.32053e-20
0
0
-1.16997e-20
0
-2.99181e-20
9.19832e-21
0
8.69035e-21
-3.68315e-20
-5.23799e-20
0
0
0
3.12082e-20
0
2.98409e-20
0
-4.21835e-20
0
2.75627e-20
-1.43003e-20
0
0
-2.58992e-20
-6.32053e-20
-5.06294e-20
2.50906e-20
0
4.05217e-20
-2.99181e-20
9.19832e-21
0
2.75803e-20
-1.84158e-20
0
0
0
0
1.63593e-20
0
6.67643e-20
0
2.86262e-20
2.80755e-20
2.75627e-20
-2.7088e-20
-5.33039e-20
0
-3.96058e-20
0
0
0
0
0
0
-1.99056e-20
3.72636e-20
1.73807e-20
0
1.79632e-20
0
0
0
0
0
4.40059e-20
2.92146e-20
2.86262e-20
0
0
0
3.92214e-20
0
-3.80918e-20
4.96555e-20
0
-1.17874e-20
0
-4.05217e-20
0
-4.75006e-20
0
2.75803e-20
0
0
4.15645e-20
1.71208e-20
1.67302e-20
4.60571e-20
0
0
0
-2.86262e-20
4.13573e-20
4.05879e-20
2.7088e-20
2.66519e-20
0
0
-2.5585e-20
0
0
-1.32161e-20
)
;

boundaryField
{
    inlet
    {
        type            calculated;
        value           uniform 0;
    }
    outlet
    {
        type            calculated;
        value           uniform 0;
    }
    upperWall
    {
        type            calculated;
        value           uniform 0;
    }
    lowerWall
    {
        type            calculated;
        value           uniform 0;
    }
    frontAndBack
    {
        type            empty;
    }
}


// ************************************************************************* //
